{
    "trj_id": [
        0,
        30,
        46,
        51,
        56,
        61,
        68,
        80,
        197
    ],
    "trj_est": [
        [
            [
                -0.9585129518749981,
                0.0807944605545034,
                0.2733590610014328,
                0.01051038637198394
            ],
            [
                -0.08468365944949716,
                -0.9964049051869538,
                -0.0024377739067156096,
                0.03641651331988294
            ],
            [
                0.2721793506313804,
                -0.02548568349260948,
                0.9619089775164773,
                0.05674575557210698
            ],
            [
                0.0,
                0.0,
                0.0,
                1.0
            ]
        ],
        [
            [
                -0.9607666641614876,
                0.07319119773625969,
                0.2675119710513502,
                0.034826434636592025
            ],
            [
                -0.0715032162872925,
                -0.997303172359088,
                0.01606307061060676,
                -0.01813289661557825
            ],
            [
                0.26796732744421703,
                -0.003695477827312512,
                0.9634145105093976,
                0.02078095274066173
            ],
            [
                0.0,
                0.0,
                0.0,
                1.0
            ]
        ],
        [
            [
                -0.9588805742189703,
                0.08648971508163812,
                0.2702977816973547,
                -0.04913723165074042
            ],
            [
                -0.08420647982216937,
                -0.9962391688390833,
                0.020054864047544564,
                -0.05726535508588522
            ],
            [
                0.271019052551471,
                -0.0035310743726140155,
                0.9625621578351943,
                0.052489164849700794
            ],
            [
                0.0,
                0.0,
                0.0,
                1.0
            ]
        ],
        [
            [
                -0.9516826956223875,
                0.1473072967568312,
                0.2694426397983341,
                -0.19180320576586204
            ],
            [
                -0.13482751701571308,
                -0.988769602748317,
                0.06436150824494406,
                -0.14680434589867927
            ],
            [
                0.2759008433724248,
                0.024922339883878042,
                0.960858051303137,
                0.1178396754587848
            ],
            [
                0.0,
                0.0,
                0.0,
                1.0
            ]
        ],
        [
            [
                -0.943354237515121,
                0.20169533718861132,
                0.26344379937976486,
                -0.36007071740220253
            ],
            [
                -0.1760858811818905,
                -0.977302172633427,
                0.11770878139327726,
                -0.2334453809471445
            ],
            [
                0.2812082002372243,
                0.06465130935277726,
                0.9574641074583066,
                0.2397242850393939
            ],
            [
                0.0,
                0.0,
                0.0,
                1.0
            ]
        ],
        [
            [
                -0.9482595260249461,
                0.20590217638009858,
                0.24168560554554352,
                -0.4206460434432742
            ],
            [
                -0.17277978038720282,
                -0.9732602486408819,
                0.15128309045353427,
                -0.30148821605529064
            ],
            [
                0.2663796409925334,
                0.10169496283696541,
                0.9584860056365452,
                0.28399894096718314
            ],
            [
                0.0,
                0.0,
                0.0,
                1.0
            ]
        ],
        [
            [
                -0.9478247378507578,
                0.20034817333690005,
                0.2479756317793799,
                -0.39009269284308157
            ],
            [
                -0.1647153431095247,
                -0.9737265760895072,
                0.1571581678850344,
                -0.2695803533553318
            ],
            [
                0.27295372189198513,
                0.10811053897598911,
                0.9559297985272016,
                0.2808251620192347
            ],
            [
                0.0,
                0.0,
                0.0,
                1.0
            ]
        ],
        [
            [
                -0.9433089171428218,
                0.20120982108204516,
                0.26397945030546394,
                -0.35860567340236355
            ],
            [
                -0.16735084909265444,
                -0.9751230094223388,
                0.14527155468767336,
                -0.23158924484520052
            ],
            [
                0.2866441226284726,
                0.09285733269991239,
                0.9535252980312506,
                0.2861991461174817
            ],
            [
                0.0,
                0.0,
                0.0,
                1.0
            ]
        ],
        [
            [
                -0.952250032037564,
                0.21740056571199978,
                0.21438617955936304,
                -0.4046646806724932
            ],
            [
                -0.18542541796516496,
                -0.9695905328105288,
                0.15964696573184,
                -0.2790591859377642
            ],
            [
                0.24257484426039944,
                0.11226964648183926,
                0.9636135552840485,
                0.3214209236796109
            ],
            [
                0.0,
                0.0,
                0.0,
                1.0
            ]
        ]
    ],
    "trj_gt": [
        [
            [
                -0.9585129518749981,
                0.0807944605545034,
                0.2733590610014328,
                0.01051038637198394
            ],
            [
                -0.08468365944949716,
                -0.9964049051869538,
                -0.0024377739067156096,
                0.03641651331988294
            ],
            [
                0.2721793506313804,
                -0.02548568349260948,
                0.9619089775164773,
                0.05674575557210698
            ],
            [
                0.0,
                0.0,
                0.0,
                1.0
            ]
        ],
        [
            [
                -0.9566554789641951,
                0.08069324058705209,
                0.279819397989751,
                0.010338122285074181
            ],
            [
                -0.07959682885332349,
                -0.9967097276695117,
                0.015299137409124969,
                0.03615232474377717
            ],
            [
                0.28013325294274016,
                -0.007636733105764728,
                0.9599307479725765,
                0.05641353618015183
            ],
            [
                0.0,
                0.0,
                0.0,
                1.0
            ]
        ],
        [
            [
                -0.9322591938751725,
                0.0886259743718333,
                0.3507680602646961,
                0.012854492253308761
            ],
            [
                -0.07855063827617202,
                -0.9959875166843689,
                0.0428796436005612,
                0.03806168455180238
            ],
            [
                0.35316085947004416,
                0.01242188695602723,
                0.9354801462686589,
                0.05790705431427535
            ],
            [
                0.0,
                0.0,
                0.0,
                1.0
            ]
        ],
        [
            [
                -0.8907162076032386,
                0.09172351496074108,
                0.4452094274789684,
                0.015332284024552103
            ],
            [
                -0.05397723679985231,
                -0.9938426161243618,
                0.09676420971897233,
                0.038848019439859174
            ],
            [
                0.45134365556674966,
                0.062158275220048534,
                0.8901827078759236,
                0.0579445362959965
            ],
            [
                0.0,
                0.0,
                0.0,
                1.0
            ]
        ],
        [
            [
                -0.8593007300215656,
                0.09505029206600696,
                0.5025611379350492,
                0.01882315298723347
            ],
            [
                -0.07528988618428047,
                -0.995383461370907,
                0.059524766842300264,
                0.04018679912127368
            ],
            [
                0.5058988915018128,
                0.013311904726179763,
                0.8624900606788453,
                0.05789116640175439
            ],
            [
                0.0,
                0.0,
                0.0,
                1.0
            ]
        ],
        [
            [
                -0.8490166643543682,
                0.09035609967819992,
                0.5205828261665244,
                0.020158898030349516
            ],
            [
                -0.08354805358797603,
                -0.9958319244234821,
                0.03658553048249423,
                0.04024020466323055
            ],
            [
                0.5217187234422809,
                -0.012431956803658484,
                0.8530269749895304,
                0.05759881251752222
            ],
            [
                0.0,
                0.0,
                0.0,
                1.0
            ]
        ],
        [
            [
                -0.865504784728685,
                0.07363098285935726,
                0.4954593282752059,
                0.019359798227058033
            ],
            [
                -0.06420762420865923,
                -0.9972853656429993,
                0.03604553325711458,
                0.039805573550326816
            ],
            [
                0.4967684054015842,
                -0.0006146848584395542,
                0.867882926181459,
                0.05879309216772446
            ],
            [
                0.0,
                0.0,
                0.0,
                1.0
            ]
        ],
        [
            [
                -0.8705701455476894,
                0.0729243736289496,
                0.4866103753640086,
                0.019112073919461642
            ],
            [
                -0.05922116072980959,
                -0.9972963356190496,
                0.04350716127985444,
                0.04017318442992791
            ],
            [
                0.4884674767094428,
                0.009058404475544724,
                0.872535082105853,
                0.05959738582881607
            ],
            [
                0.0,
                0.0,
                0.0,
                1.0
            ]
        ],
        [
            [
                -0.838244800747284,
                0.07804648947499175,
                0.5396799046664391,
                0.021830762569435586
            ],
            [
                -0.06922277995187272,
                -0.9969276502427927,
                0.036653334324719476,
                0.04110074571144402
            ],
            [
                0.5408824833139649,
                -0.006633676357424487,
                0.8410720145041704,
                0.05908442183094463
            ],
            [
                0.0,
                0.0,
                0.0,
                1.0
            ]
        ]
    ]
}