{
    "trj_id": [
        0,
        6,
        15,
        33,
        44,
        55,
        68,
        74,
        80,
        85
    ],
    "trj_est": [
        [
            [
                0.9730273181193485,
                -0.07927624059585489,
                -0.21664052222623606,
                -0.013547241392212299
            ],
            [
                0.07992392663755221,
                0.9967841825059365,
                -0.005784414992637031,
                -0.028502052557593655
            ],
            [
                0.21640241251960043,
                -0.011686367397955724,
                0.9762343082850227,
                0.047482682498766846
            ],
            [
                0.0,
                0.0,
                0.0,
                1.0
            ]
        ],
        [
            [
                0.9720046792229188,
                -0.07975367409671362,
                -0.22098920609185266,
                -0.013799679998239283
            ],
            [
                0.08305317544507115,
                0.9965230213520627,
                0.00566646784871136,
                -0.007899685718984164
            ],
            [
                0.21976950189838274,
                -0.02386357481820937,
                0.9752549602210028,
                0.038788524254716385
            ],
            [
                0.0,
                0.0,
                0.0,
                1.0
            ]
        ],
        [
            [
                0.9700616244803691,
                -0.06934229397915972,
                -0.2327282360097708,
                -0.005710747919243617
            ],
            [
                0.07605546400892481,
                0.9969008407474736,
                0.01999039638985893,
                0.021496980498879364
            ],
            [
                0.23062096912609584,
                -0.037094340828910145,
                0.9723313901497952,
                0.03996605273766582
            ],
            [
                0.0,
                0.0,
                0.0,
                1.0
            ]
        ],
        [
            [
                0.9674509358950092,
                -0.04248441332992938,
                -0.24945254620612953,
                0.01039890973901873
            ],
            [
                0.04674481060609437,
                0.9988399746075319,
                0.01117873215300854,
                0.06601291892193596
            ],
            [
                0.24868974280590492,
                -0.022478014351415034,
                0.9683166722016785,
                0.0766389972046161
            ],
            [
                0.0,
                0.0,
                0.0,
                1.0
            ]
        ],
        [
            [
                0.9666844363087309,
                -0.039169777668534765,
                -0.25295585143771154,
                0.01550757775187011
            ],
            [
                0.039430629290312054,
                0.999212128260576,
                -0.00403848002801217,
                0.1033068978620278
            ],
            [
                0.2529163988361821,
                -0.006071936129382131,
                0.9674644241395782,
                0.10396835808469089
            ],
            [
                0.0,
                0.0,
                0.0,
                1.0
            ]
        ],
        [
            [
                0.9639765381934273,
                -0.029376209931404662,
                -0.2643657079868726,
                0.01992114096895047
            ],
            [
                0.026084627569141518,
                0.9995298514260879,
                -0.015953534646494825,
                0.12736282313427139
            ],
            [
                0.26471280788737794,
                0.008480728796915317,
                0.9642881150072775,
                0.13729829156517093
            ],
            [
                0.0,
                0.0,
                0.0,
                1.0
            ]
        ],
        [
            [
                0.9599088638754677,
                -0.020570286587660067,
                -0.2795617471027393,
                0.02917546939635521
            ],
            [
                0.01822221157191529,
                0.9997701644611338,
                -0.01099570432797268,
                0.14114131517637463
            ],
            [
                0.27972781339845976,
                0.005458400990772443,
                0.9600629035413676,
                0.15086767538170423
            ],
            [
                0.0,
                0.0,
                0.0,
                1.0
            ]
        ],
        [
            [
                0.95654904470496,
                -0.00828636576301715,
                -0.29146364324432067,
                0.03608285344898306
            ],
            [
                0.006274577212423454,
                0.9999470827889453,
                -0.007837027310296821,
                0.14954789013348024
            ],
            [
                0.2915156483514568,
                0.005665777061267179,
                0.9565509729466746,
                0.1633621738568088
            ],
            [
                0.0,
                0.0,
                0.0,
                1.0
            ]
        ],
        [
            [
                0.9533838999371262,
                0.005473107366536532,
                -0.30172068927783435,
                0.04440149221489603
            ],
            [
                -0.0058234905636900935,
                0.9999799696419878,
                -0.0002617263029318213,
                0.15259467278905228
            ],
            [
                0.3017165828184282,
                0.002004681099894745,
                0.953397724322589,
                0.1756516420823302
            ],
            [
                0.0,
                0.0,
                0.0,
                1.0
            ]
        ],
        [
            [
                0.942346923906772,
                0.017825003426121918,
                -0.3341734689911812,
                0.0690370867859128
            ],
            [
                -0.005780269062589452,
                0.9992952615360184,
                0.037002821291676743,
                0.13461852517269526
            ],
            [
                0.3346007608488773,
                -0.032939830399727664,
                0.9417871072524651,
                0.18811803486430595
            ],
            [
                0.0,
                0.0,
                0.0,
                1.0
            ]
        ]
    ],
    "trj_gt": [
        [
            [
                0.9730273181193485,
                -0.07927624059585489,
                -0.21664052222623606,
                -0.013547241392212299
            ],
            [
                0.07992392663755221,
                0.9967841825059365,
                -0.005784414992637031,
                -0.028502052557593655
            ],
            [
                0.21640241251960043,
                -0.011686367397955724,
                0.9762343082850227,
                0.047482682498766846
            ],
            [
                0.0,
                0.0,
                0.0,
                1.0
            ]
        ],
        [
            [
                0.9721169214963382,
                -0.08072154431495832,
                -0.22016521801567662,
                -0.013536574765686735
            ],
            [
                0.08349212724390054,
                0.996502998231362,
                0.003292294670031883,
                -0.027026675884793922
            ],
            [
                0.2191295407487784,
                -0.021582557756536173,
                0.9754570403518115,
                0.04654991373640235
            ],
            [
                0.0,
                0.0,
                0.0,
                1.0
            ]
        ],
        [
            [
                0.9716218304469445,
                -0.07627056191804268,
                -0.22390582838245782,
                -0.013573888619662057
            ],
            [
                0.08346358756240341,
                0.9962494020322961,
                0.022824515361898525,
                -0.024256838985382077
            ],
            [
                0.22132520902541056,
                -0.04086478110792399,
                0.9743434823073739,
                0.0451257638573835
            ],
            [
                0.0,
                0.0,
                0.0,
                1.0
            ]
        ],
        [
            [
                0.9721661557727771,
                -0.06694549135689591,
                -0.22452453486637944,
                -0.013485848744032638
            ],
            [
                0.08053035370638784,
                0.9954003963571761,
                0.051893285345029176,
                -0.02050273034659324
            ],
            [
                0.2200177895123582,
                -0.06852993593284858,
                0.9730857208792735,
                0.0433091626737413
            ],
            [
                0.0,
                0.0,
                0.0,
                1.0
            ]
        ],
        [
            [
                0.9715277740661378,
                -0.07577718447204408,
                -0.22448073977868416,
                -0.012915020651732221
            ],
            [
                0.09348953063845815,
                0.9932027109682929,
                0.06934033880963109,
                -0.018439205658081475
            ],
            [
                0.21770046366302556,
                -0.08835266401599577,
                0.9720083923928745,
                0.04255076028194651
            ],
            [
                0.0,
                0.0,
                0.0,
                1.0
            ]
        ],
        [
            [
                0.9710208315984511,
                -0.08180124247136096,
                -0.22455979455814035,
                -0.012295266378936957
            ],
            [
                0.10320234546563987,
                0.9909992350838864,
                0.08526307497119137,
                -0.01633116458764161
            ],
            [
                0.2155639591681394,
                -0.10596731945884964,
                0.9707229814496321,
                0.04136336962342602
            ],
            [
                0.0,
                0.0,
                0.0,
                1.0
            ]
        ],
        [
            [
                0.9692119262592589,
                -0.08894719077389514,
                -0.22960104366106157,
                -0.011974810512946533
            ],
            [
                0.11421158749818885,
                0.9884934561528016,
                0.09917862886848532,
                -0.014126564885158644
            ],
            [
                0.21813746876215456,
                -0.12234820961714767,
                0.9682184465943202,
                0.03928162098569977
            ],
            [
                0.0,
                0.0,
                0.0,
                1.0
            ]
        ],
        [
            [
                0.9681693625109522,
                -0.09060042649366079,
                -0.23332305547095739,
                -0.011890240671001952
            ],
            [
                0.11827319386337021,
                0.9871496044895572,
                0.10745747982094199,
                -0.012867226277073996
            ],
            [
                0.22058906842473933,
                -0.1316329027077853,
                0.966443605088382,
                0.03804586468715013
            ],
            [
                0.0,
                0.0,
                0.0,
                1.0
            ]
        ],
        [
            [
                0.9675865153091431,
                -0.08866576795263095,
                -0.2364629294102556,
                -0.011862539899628474
            ],
            [
                0.11937125025239055,
                0.9857107018173973,
                0.11884829378596473,
                -0.011365595112415975
            ],
            [
                0.22254626486438825,
                -0.14322288195684388,
                0.9643445266495192,
                0.036800030703967763
            ],
            [
                0.0,
                0.0,
                0.0,
                1.0
            ]
        ],
        [
            [
                0.9673785365344857,
                -0.08613203134504681,
                -0.23824365726871408,
                -0.011918235090024609
            ],
            [
                0.11907866366641885,
                0.9846604688078574,
                0.12753051802023993,
                -0.010377327826544755
            ],
            [
                0.22360464868114108,
                -0.15174002222046332,
                0.9627958904901479,
                0.0359884384491055
            ],
            [
                0.0,
                0.0,
                0.0,
                1.0
            ]
        ]
    ]
}