{
    "trj_id": [
        0,
        6,
        15,
        33,
        44,
        55,
        68,
        74,
        80,
        85,
        94,
        106,
        125,
        132
    ],
    "trj_est": [
        [
            [
                0.9730273181193485,
                -0.07927624059585489,
                -0.21664052222623606,
                -0.013547241392212299
            ],
            [
                0.07992392663755221,
                0.9967841825059365,
                -0.005784414992637031,
                -0.028502052557593655
            ],
            [
                0.21640241251960043,
                -0.011686367397955724,
                0.9762343082850227,
                0.047482682498766846
            ],
            [
                0.0,
                0.0,
                0.0,
                1.0
            ]
        ],
        [
            [
                0.9720046792229188,
                -0.07975367409671362,
                -0.22098920609185266,
                -0.013799679998239283
            ],
            [
                0.08305317544507115,
                0.9965230213520627,
                0.00566646784871136,
                -0.007899685718984164
            ],
            [
                0.21976950189838274,
                -0.02386357481820937,
                0.9752549602210028,
                0.038788524254716385
            ],
            [
                0.0,
                0.0,
                0.0,
                1.0
            ]
        ],
        [
            [
                0.9700616244803691,
                -0.06934229397915972,
                -0.2327282360097708,
                -0.005710747919243617
            ],
            [
                0.07605546400892481,
                0.9969008407474736,
                0.01999039638985893,
                0.021496980498879364
            ],
            [
                0.23062096912609584,
                -0.037094340828910145,
                0.9723313901497952,
                0.03996605273766582
            ],
            [
                0.0,
                0.0,
                0.0,
                1.0
            ]
        ],
        [
            [
                0.9674509358950092,
                -0.04248441332992938,
                -0.24945254620612953,
                0.01039890973901873
            ],
            [
                0.04674481060609437,
                0.9988399746075319,
                0.01117873215300854,
                0.06601291892193596
            ],
            [
                0.24868974280590492,
                -0.022478014351415034,
                0.9683166722016785,
                0.0766389972046161
            ],
            [
                0.0,
                0.0,
                0.0,
                1.0
            ]
        ],
        [
            [
                0.9666844363087309,
                -0.039169777668534765,
                -0.25295585143771154,
                0.01550757775187011
            ],
            [
                0.039430629290312054,
                0.999212128260576,
                -0.00403848002801217,
                0.1033068978620278
            ],
            [
                0.2529163988361821,
                -0.006071936129382131,
                0.9674644241395782,
                0.10396835808469089
            ],
            [
                0.0,
                0.0,
                0.0,
                1.0
            ]
        ],
        [
            [
                0.9639765381934273,
                -0.029376209931404662,
                -0.2643657079868726,
                0.01992114096895047
            ],
            [
                0.026084627569141518,
                0.9995298514260879,
                -0.015953534646494825,
                0.12736282313427139
            ],
            [
                0.26471280788737794,
                0.008480728796915317,
                0.9642881150072775,
                0.13729829156517093
            ],
            [
                0.0,
                0.0,
                0.0,
                1.0
            ]
        ],
        [
            [
                0.9598706486842336,
                -0.019804471698578442,
                -0.2797480241038341,
                0.031236283814483533
            ],
            [
                0.01737447283291453,
                0.999782730230842,
                -0.01116413914530967,
                0.13879681370507033
            ],
            [
                0.27991254927389525,
                0.00585335366031659,
                0.9600067298259789,
                0.1525288770431023
            ],
            [
                0.0,
                0.0,
                0.0,
                1.0
            ]
        ],
        [
            [
                0.9555049013147062,
                -0.0018990867034955185,
                -0.2949797602942188,
                0.04009109219861103
            ],
            [
                -0.0004208796553152537,
                0.9999669730115452,
                -0.007802353135754403,
                0.14637261633934434
            ],
            [
                0.2949871268903421,
                0.007577589962664237,
                0.9554721576743695,
                0.16712527868642021
            ],
            [
                0.0,
                0.0,
                0.0,
                1.0
            ]
        ],
        [
            [
                0.9534476019779,
                0.01088648735615725,
                -0.30137988824878953,
                0.047211652282946444
            ],
            [
                -0.013066719554535986,
                0.9998983426043623,
                -0.0052195864615390275,
                0.15908065558857887
            ],
            [
                0.30129552492421596,
                0.008912905598335312,
                0.9534924924770509,
                0.16906500711676256
            ],
            [
                0.0,
                0.0,
                0.0,
                1.0
            ]
        ],
        [
            [
                0.9529608862004203,
                0.024951584090531664,
                -0.30208407128324105,
                0.0482866960353964
            ],
            [
                -0.02750854677422564,
                0.9996107993302412,
                -0.00421352117676381,
                0.1690815227639185
            ],
            [
                0.30186483838052697,
                0.012323188461868794,
                0.9532749099832688,
                0.17113986298495634
            ],
            [
                0.0,
                0.0,
                0.0,
                1.0
            ]
        ],
        [
            [
                0.9513899805678349,
                0.05650129011004734,
                -0.3027859681434,
                0.05044620855520741
            ],
            [
                -0.05794618122909167,
                0.9983084419382006,
                0.004215300121258674,
                0.18340687648174867
            ],
            [
                0.3025158755908438,
                0.013533163851592969,
                0.9530539149585687,
                0.1679646076463802
            ],
            [
                0.0,
                0.0,
                0.0,
                1.0
            ]
        ],
        [
            [
                0.9487082505528112,
                0.09560237790109972,
                -0.30138117130280034,
                0.05223702504749934
            ],
            [
                -0.09343300516993022,
                0.9953880850730719,
                0.021639144699471428,
                0.21423933983427618
            ],
            [
                0.3020639010517144,
                0.007628044306576988,
                0.9532632918627724,
                0.15800535659970463
            ],
            [
                0.0,
                0.0,
                0.0,
                1.0
            ]
        ],
        [
            [
                0.9489101552705904,
                0.1068934571557227,
                -0.2969205835528797,
                0.05640672769801307
            ],
            [
                -0.09262342384960563,
                0.9937820032848598,
                0.061760892172649885,
                0.22704836932719072
            ],
            [
                0.30167921392985175,
                -0.031105481535037675,
                0.9529079534046148,
                0.149939140801416
            ],
            [
                0.0,
                0.0,
                0.0,
                1.0
            ]
        ],
        [
            [
                0.9503089654613824,
                0.10511354350138655,
                -0.29305733322367145,
                0.058342134244161674
            ],
            [
                -0.0871029049422031,
                0.993453964204169,
                0.07388014099763983,
                0.22531152933134652
            ],
            [
                0.29890776822498266,
                -0.04468435829569639,
                0.95324151901192,
                0.14624400600441678
            ],
            [
                0.0,
                0.0,
                0.0,
                1.0
            ]
        ]
    ],
    "trj_gt": [
        [
            [
                0.9730273181193485,
                -0.07927624059585489,
                -0.21664052222623606,
                -0.013547241392212299
            ],
            [
                0.07992392663755221,
                0.9967841825059365,
                -0.005784414992637031,
                -0.028502052557593655
            ],
            [
                0.21640241251960043,
                -0.011686367397955724,
                0.9762343082850227,
                0.047482682498766846
            ],
            [
                0.0,
                0.0,
                0.0,
                1.0
            ]
        ],
        [
            [
                0.9721169214963382,
                -0.08072154431495832,
                -0.22016521801567662,
                -0.013536574765686735
            ],
            [
                0.08349212724390054,
                0.996502998231362,
                0.003292294670031883,
                -0.027026675884793922
            ],
            [
                0.2191295407487784,
                -0.021582557756536173,
                0.9754570403518115,
                0.04654991373640235
            ],
            [
                0.0,
                0.0,
                0.0,
                1.0
            ]
        ],
        [
            [
                0.9716218304469445,
                -0.07627056191804268,
                -0.22390582838245782,
                -0.013573888619662057
            ],
            [
                0.08346358756240341,
                0.9962494020322961,
                0.022824515361898525,
                -0.024256838985382077
            ],
            [
                0.22132520902541056,
                -0.04086478110792399,
                0.9743434823073739,
                0.0451257638573835
            ],
            [
                0.0,
                0.0,
                0.0,
                1.0
            ]
        ],
        [
            [
                0.9721661557727771,
                -0.06694549135689591,
                -0.22452453486637944,
                -0.013485848744032638
            ],
            [
                0.08053035370638784,
                0.9954003963571761,
                0.051893285345029176,
                -0.02050273034659324
            ],
            [
                0.2200177895123582,
                -0.06852993593284858,
                0.9730857208792735,
                0.0433091626737413
            ],
            [
                0.0,
                0.0,
                0.0,
                1.0
            ]
        ],
        [
            [
                0.9715277740661378,
                -0.07577718447204408,
                -0.22448073977868416,
                -0.012915020651732221
            ],
            [
                0.09348953063845815,
                0.9932027109682929,
                0.06934033880963109,
                -0.018439205658081475
            ],
            [
                0.21770046366302556,
                -0.08835266401599577,
                0.9720083923928745,
                0.04255076028194651
            ],
            [
                0.0,
                0.0,
                0.0,
                1.0
            ]
        ],
        [
            [
                0.9710208315984511,
                -0.08180124247136096,
                -0.22455979455814035,
                -0.012295266378936957
            ],
            [
                0.10320234546563987,
                0.9909992350838864,
                0.08526307497119137,
                -0.01633116458764161
            ],
            [
                0.2155639591681394,
                -0.10596731945884964,
                0.9707229814496321,
                0.04136336962342602
            ],
            [
                0.0,
                0.0,
                0.0,
                1.0
            ]
        ],
        [
            [
                0.9692119262592589,
                -0.08894719077389514,
                -0.22960104366106157,
                -0.011974810512946533
            ],
            [
                0.11421158749818885,
                0.9884934561528016,
                0.09917862886848532,
                -0.014126564885158644
            ],
            [
                0.21813746876215456,
                -0.12234820961714767,
                0.9682184465943202,
                0.03928162098569977
            ],
            [
                0.0,
                0.0,
                0.0,
                1.0
            ]
        ],
        [
            [
                0.9681693625109522,
                -0.09060042649366079,
                -0.23332305547095739,
                -0.011890240671001952
            ],
            [
                0.11827319386337021,
                0.9871496044895572,
                0.10745747982094199,
                -0.012867226277073996
            ],
            [
                0.22058906842473933,
                -0.1316329027077853,
                0.966443605088382,
                0.03804586468715013
            ],
            [
                0.0,
                0.0,
                0.0,
                1.0
            ]
        ],
        [
            [
                0.9675865153091431,
                -0.08866576795263095,
                -0.2364629294102556,
                -0.011862539899628474
            ],
            [
                0.11937125025239055,
                0.9857107018173973,
                0.11884829378596473,
                -0.011365595112415975
            ],
            [
                0.22254626486438825,
                -0.14322288195684388,
                0.9643445266495192,
                0.036800030703967763
            ],
            [
                0.0,
                0.0,
                0.0,
                1.0
            ]
        ],
        [
            [
                0.9673785365344857,
                -0.08613203134504681,
                -0.23824365726871408,
                -0.011918235090024609
            ],
            [
                0.11907866366641885,
                0.9846604688078574,
                0.12753051802023993,
                -0.010377327826544755
            ],
            [
                0.22360464868114108,
                -0.15174002222046332,
                0.9627958904901479,
                0.0359884384491055
            ],
            [
                0.0,
                0.0,
                0.0,
                1.0
            ]
        ],
        [
            [
                0.9670433673544101,
                -0.08172234345650249,
                -0.24114017549098024,
                -0.01192828242846508
            ],
            [
                0.11873918066897528,
                0.9825458212492486,
                0.1431946790900412,
                -0.008637687431014344
            ],
            [
                0.2252290670182331,
                -0.1671082515186395,
                0.9598680636652513,
                0.03478017313374141
            ],
            [
                0.0,
                0.0,
                0.0,
                1.0
            ]
        ],
        [
            [
                0.9664297416570049,
                -0.07748871335714445,
                -0.24496745445676896,
                -0.011996616667554237
            ],
            [
                0.12069517619389554,
                0.9786093335628747,
                0.16660266116467246,
                -0.006384306444410609
            ],
            [
                0.22681761149500576,
                -0.1905761568661737,
                0.9551096793299816,
                0.0334088650216354
            ],
            [
                0.0,
                0.0,
                0.0,
                1.0
            ]
        ],
        [
            [
                0.9652184279855643,
                -0.08818126116775568,
                -0.24612486964128544,
                -0.011237022705543265
            ],
            [
                0.13852119242031724,
                0.9708952803033167,
                0.19538227641011177,
                -0.003563341210630598
            ],
            [
                0.22173241875632246,
                -0.2226800841198151,
                0.9493409896390562,
                0.03180933377867745
            ],
            [
                0.0,
                0.0,
                0.0,
                1.0
            ]
        ],
        [
            [
                0.9660039132399633,
                -0.09448038808971705,
                -0.24064475035099767,
                -0.010620112425521711
            ],
            [
                0.1447398992051457,
                0.9689203613044781,
                0.2006083124590903,
                -0.003018411706285975
            ],
            [
                0.2142120472409565,
                -0.22861931177399739,
                0.9496559424869735,
                0.031431350552823575
            ],
            [
                0.0,
                0.0,
                0.0,
                1.0
            ]
        ]
    ]
}