{
    "trj_id": [
        0,
        31,
        47,
        52,
        57,
        62,
        67,
        76,
        195
    ],
    "trj_est": [
        [
            [
                -0.9585129518749981,
                0.0807944605545034,
                0.2733590610014328,
                0.01051038637198394
            ],
            [
                -0.08468365944949716,
                -0.9964049051869538,
                -0.0024377739067156096,
                0.03641651331988294
            ],
            [
                0.2721793506313804,
                -0.02548568349260948,
                0.9619089775164773,
                0.05674575557210698
            ],
            [
                0.0,
                0.0,
                0.0,
                1.0
            ]
        ],
        [
            [
                -0.9625617531817015,
                0.06945740500645983,
                0.26200425528759314,
                0.04592100223406295
            ],
            [
                -0.0685547981468459,
                -0.9975645361557782,
                0.012596137794536453,
                -0.01272351380169612
            ],
            [
                0.26224188582047525,
                -0.0058368216814948855,
                0.964980553167744,
                0.017438749799554138
            ],
            [
                0.0,
                0.0,
                0.0,
                1.0
            ]
        ],
        [
            [
                -0.9563062212455653,
                0.09739238879714386,
                0.27565807183349,
                -0.08755713356080817
            ],
            [
                -0.09081941912062406,
                -0.9951935192558743,
                0.036542168026450536,
                -0.09002058702902259
            ],
            [
                0.27789525455319114,
                0.009909785390297106,
                0.9605565374225534,
                0.07023708674928728
            ],
            [
                0.0,
                0.0,
                0.0,
                1.0
            ]
        ],
        [
            [
                -0.9527329722499368,
                0.16093553043195272,
                0.25768670925779646,
                -0.20359058345180125
            ],
            [
                -0.1460528440608574,
                -0.9863514241297293,
                0.07602456148590954,
                -0.16746984963161704
            ],
            [
                0.2664065563826142,
                0.03479522273622927,
                0.9632302564956838,
                0.12456644146852078
            ],
            [
                0.0,
                0.0,
                0.0,
                1.0
            ]
        ],
        [
            [
                -0.9443640448067776,
                0.21642682643683234,
                0.2476670021297418,
                -0.35850461313894155
            ],
            [
                -0.18947888769998383,
                -0.9734795945520925,
                0.12820192498911687,
                -0.25349365454230294
            ],
            [
                0.26884640844885044,
                0.07414103298681046,
                0.9603245412813223,
                0.24387351154346437
            ],
            [
                0.0,
                0.0,
                0.0,
                1.0
            ]
        ],
        [
            [
                -0.9488144942798308,
                0.21156035670086754,
                0.2345045910886247,
                -0.40989301394942235
            ],
            [
                -0.17975630161361988,
                -0.9722287368710066,
                0.14982401214577862,
                -0.2963478691474496
            ],
            [
                0.25969303901107177,
                0.09999989543116028,
                0.9604982217212626,
                0.2748892134433606
            ],
            [
                0.0,
                0.0,
                0.0,
                1.0
            ]
        ],
        [
            [
                -0.9482496688197365,
                0.21032770692023628,
                0.23788129298837674,
                -0.3811404920071521
            ],
            [
                -0.1758786880033171,
                -0.9716419543074545,
                0.15802578810956336,
                -0.27498969464963435
            ],
            [
                0.2643766928937446,
                0.10800761779020884,
                0.9583504760061314,
                0.27249419754954085
            ],
            [
                0.0,
                0.0,
                0.0,
                1.0
            ]
        ],
        [
            [
                -0.9447115635213221,
                0.2061060848961462,
                0.25504744784206784,
                -0.3449822091566179
            ],
            [
                -0.1715298692766794,
                -0.9734824176495039,
                0.15134142395172467,
                -0.2471026698074033
            ],
            [
                0.27947304073365636,
                0.09922442204415183,
                0.9550150312299127,
                0.2688605811659802
            ],
            [
                0.0,
                0.0,
                0.0,
                1.0
            ]
        ],
        [
            [
                -0.9457232184766512,
                0.21938133214563368,
                0.23977063777554772,
                -0.4037491832559716
            ],
            [
                -0.18385427059779608,
                -0.9695212818613561,
                0.16192644851505772,
                -0.2653631657497112
            ],
            [
                0.2679834111185875,
                0.10905317489590033,
                0.9572344691657498,
                0.3236737704456933
            ],
            [
                0.0,
                0.0,
                0.0,
                1.0
            ]
        ]
    ],
    "trj_gt": [
        [
            [
                -0.9585129518749981,
                0.0807944605545034,
                0.2733590610014328,
                0.01051038637198394
            ],
            [
                -0.08468365944949716,
                -0.9964049051869538,
                -0.0024377739067156096,
                0.03641651331988294
            ],
            [
                0.2721793506313804,
                -0.02548568349260948,
                0.9619089775164773,
                0.05674575557210698
            ],
            [
                0.0,
                0.0,
                0.0,
                1.0
            ]
        ],
        [
            [
                -0.9566317440778612,
                0.08071575001282236,
                0.2798940405268,
                0.010282864795610063
            ],
            [
                -0.07960483555737659,
                -0.9967082419776732,
                0.01535416978087994,
                0.0361507130261615
            ],
            [
                0.2802120204031823,
                -0.007592632853274858,
                0.9599081078665405,
                0.05640548293680877
            ],
            [
                0.0,
                0.0,
                0.0,
                1.0
            ]
        ],
        [
            [
                -0.9224900984588397,
                0.08970413368244674,
                0.37545330820979894,
                0.013410558368354938
            ],
            [
                -0.07270713440442683,
                -0.9955931698959822,
                0.0592276342864301,
                0.03830984598140128
            ],
            [
                0.3791117128922518,
                0.02733877204177649,
                0.9249469718265748,
                0.05798848092414561
            ],
            [
                0.0,
                0.0,
                0.0,
                1.0
            ]
        ],
        [
            [
                -0.883766759348074,
                0.09195789612447884,
                0.4588028557144804,
                0.015913299765490364
            ],
            [
                -0.05342757886593563,
                -0.9939177509185909,
                0.09629640816486185,
                0.039029808477589314
            ],
            [
                0.46486751756594796,
                0.06059083882311748,
                0.883304557535386,
                0.05793730760450285
            ],
            [
                0.0,
                0.0,
                0.0,
                1.0
            ]
        ],
        [
            [
                -0.8548001934508268,
                0.0958750667544033,
                0.5100241179113669,
                0.019306199759929314
            ],
            [
                -0.07759165391823716,
                -0.9953508158372677,
                0.05706389974684847,
                0.040366338189536805
            ],
            [
                0.5131239270572575,
                0.009204617695731696,
                0.85826517492813,
                0.05786599555356554
            ],
            [
                0.0,
                0.0,
                0.0,
                1.0
            ]
        ],
        [
            [
                -0.8498011920688725,
                0.0884013029652054,
                0.5196375117256047,
                0.020086693413589957
            ],
            [
                -0.0824454377043242,
                -0.9959944052993048,
                0.0346106112951979,
                0.04012569661768522
            ],
            [
                0.5206156775972718,
                -0.013429603364911828,
                0.8536855170338753,
                0.05759976088628116
            ],
            [
                0.0,
                0.0,
                0.0,
                1.0
            ]
        ],
        [
            [
                -0.8634750517122911,
                0.07506466929342971,
                0.4987746289601398,
                0.01944620952488049
            ],
            [
                -0.0669376135081672,
                -0.9971711808939723,
                0.03419052342906083,
                0.03982923096702654
            ],
            [
                0.49993018609430695,
                -0.0038641193550347426,
                0.8660570868097102,
                0.058622317319914484
            ],
            [
                0.0,
                0.0,
                0.0,
                1.0
            ]
        ],
        [
            [
                -0.8705208716372967,
                0.07294498850943884,
                0.486695429088049,
                0.01909809479790579
            ],
            [
                -0.059193152469021994,
                -0.99729405107778,
                0.043597550225336595,
                0.040167169217285276
            ],
            [
                0.4885586789164855,
                0.009143540683425846,
                0.8724831304496088,
                0.05957741683527558
            ],
            [
                0.0,
                0.0,
                0.0,
                1.0
            ]
        ],
        [
            [
                -0.8455674511433081,
                0.074293875002637,
                0.5286739124489713,
                0.02155848361137782
            ],
            [
                -0.06652581073660384,
                -0.9972142506287278,
                0.033735068531470735,
                0.041006154976001206
            ],
            [
                0.5297074683944408,
                -0.006645184728659604,
                0.8481543724152308,
                0.05946741105985791
            ],
            [
                0.0,
                0.0,
                0.0,
                1.0
            ]
        ]
    ]
}