{
    "trj_id": [
        0,
        45,
        50,
        55,
        60,
        68,
        77,
        194
    ],
    "trj_est": [
        [
            [
                -0.9585129518749981,
                0.0807944605545034,
                0.2733590610014328,
                0.01051038637198394
            ],
            [
                -0.08468365944949716,
                -0.9964049051869538,
                -0.0024377739067156096,
                0.03641651331988294
            ],
            [
                0.2721793506313804,
                -0.02548568349260948,
                0.9619089775164773,
                0.05674575557210698
            ],
            [
                0.0,
                0.0,
                0.0,
                1.0
            ]
        ],
        [
            [
                -0.9592813773640916,
                0.08168301755642264,
                0.2703600339201689,
                -0.03237342348620347
            ],
            [
                -0.08421157993744398,
                -0.9964418308095763,
                0.0022503640151804926,
                -0.020450781617017542
            ],
            [
                0.2695834137918125,
                -0.020609905331173486,
                0.9627524434314437,
                0.025630734344937327
            ],
            [
                0.0,
                0.0,
                0.0,
                1.0
            ]
        ],
        [
            [
                -0.9587686247552091,
                0.12944978683498598,
                0.25298840781677223,
                -0.14646020318788847
            ],
            [
                -0.12016643678061417,
                -0.9913955347679643,
                0.051869417572234365,
                -0.1234162916230231
            ],
            [
                0.2575276801234376,
                0.019329147872295532,
                0.9660741311116929,
                0.08003696649735799
            ],
            [
                0.0,
                0.0,
                0.0,
                1.0
            ]
        ],
        [
            [
                -0.95594200438124,
                0.19138666700059268,
                0.22259379532408305,
                -0.2831423872152128
            ],
            [
                -0.16658583731282298,
                -0.9780069676106181,
                0.12548135723586185,
                -0.24433127985401717
            ],
            [
                0.24171284251449468,
                0.08287145604171091,
                0.9668021922984815,
                0.18818528764134856
            ],
            [
                0.0,
                0.0,
                0.0,
                1.0
            ]
        ],
        [
            [
                -0.9585189842600229,
                0.20675007299625442,
                0.19621111950291692,
                -0.3650054345596854
            ],
            [
                -0.17124427403894377,
                -0.9679936773014426,
                0.1834555337909086,
                -0.35693963380869326
            ],
            [
                0.22785732843556034,
                0.14224585821209718,
                0.9632446024734413,
                0.25836134123270366
            ],
            [
                0.0,
                0.0,
                0.0,
                1.0
            ]
        ],
        [
            [
                -0.9592393477789233,
                0.19688126248828922,
                0.202740895025662,
                -0.3418619483517523
            ],
            [
                -0.1591032091151522,
                -0.9691220796866797,
                0.18836057622757685,
                -0.32152379411810944
            ],
            [
                0.23355988891125232,
                0.14842537067743447,
                0.9609438762273711,
                0.25293040846752196
            ],
            [
                0.0,
                0.0,
                0.0,
                1.0
            ]
        ],
        [
            [
                -0.9576575061247897,
                0.1928260672275438,
                0.21381146854318456,
                -0.3028789954722872
            ],
            [
                -0.1592546064599062,
                -0.9734158990244725,
                0.16459655846153906,
                -0.27087166169783006
            ],
            [
                0.23986114771392225,
                0.12357389936375412,
                0.9629062722142542,
                0.24571747429887283
            ],
            [
                0.0,
                0.0,
                0.0,
                1.0
            ]
        ],
        [
            [
                -0.9555942263294038,
                0.2081996091045982,
                0.20856482578579816,
                -0.358412474206871
            ],
            [
                -0.1663846475547987,
                -0.9652917865334952,
                0.2012872678322665,
                -0.31977031383490395
            ],
            [
                0.24322929360220272,
                0.15764410084094815,
                0.9570686358866541,
                0.29071703521202913
            ],
            [
                0.0,
                0.0,
                0.0,
                1.0
            ]
        ]
    ],
    "trj_gt": [
        [
            [
                -0.9585129518749981,
                0.0807944605545034,
                0.2733590610014328,
                0.01051038637198394
            ],
            [
                -0.08468365944949716,
                -0.9964049051869538,
                -0.0024377739067156096,
                0.03641651331988294
            ],
            [
                0.2721793506313804,
                -0.02548568349260948,
                0.9619089775164773,
                0.05674575557210698
            ],
            [
                0.0,
                0.0,
                0.0,
                1.0
            ]
        ],
        [
            [
                -0.9376191630125458,
                0.08793325188276685,
                0.33635999816413203,
                0.012362650051462422
            ],
            [
                -0.0808460745384095,
                -0.9961102474563553,
                0.035046927742219736,
                0.03781570574434568
            ],
            [
                0.3381334313305666,
                0.0056672855725045405,
                0.9410811147243667,
                0.05773461315466455
            ],
            [
                0.0,
                0.0,
                0.0,
                1.0
            ]
        ],
        [
            [
                -0.8998506425331277,
                0.09178906938198478,
                0.426431222912566,
                0.014762016152678603
            ],
            [
                -0.05805312412364919,
                -0.9941133664441297,
                0.09147922953656684,
                0.03870668056101646
            ],
            [
                0.4323177719134405,
                0.0575619787629724,
                0.8998821937835471,
                0.05797134794158252
            ],
            [
                0.0,
                0.0,
                0.0,
                1.0
            ]
        ],
        [
            [
                -0.86436442317086,
                0.09412348604383813,
                0.49397865675701175,
                0.01832143707975251
            ],
            [
                -0.07256037865259074,
                -0.995391404106706,
                0.06269724140879815,
                0.03997057856950779
            ],
            [
                0.49760339167483475,
                0.01834998652413306,
                0.8672105526273681,
                0.057906654942546196
            ],
            [
                0.0,
                0.0,
                0.0,
                1.0
            ]
        ],
        [
            [
                -0.8486610444696617,
                0.09229629508484948,
                0.5208222590416743,
                0.02006615391417631
            ],
            [
                -0.08341557480983922,
                -0.9956904449990406,
                0.0405262830365173,
                0.04035693447075095
            ],
            [
                0.5223181726484412,
                -0.009051610421476347,
                0.8527026415286699,
                0.057642655463061826
            ],
            [
                0.0,
                0.0,
                0.0,
                1.0
            ]
        ],
        [
            [
                -0.865504784728685,
                0.07363098285935726,
                0.4954593282752059,
                0.019359798227058033
            ],
            [
                -0.06420762420865923,
                -0.9972853656429993,
                0.03604553325711458,
                0.039805573550326816
            ],
            [
                0.4967684054015842,
                -0.0006146848584395542,
                0.867882926181459,
                0.05879309216772446
            ],
            [
                0.0,
                0.0,
                0.0,
                1.0
            ]
        ],
        [
            [
                -0.8705523657996109,
                0.07292302442665137,
                0.48664238503152524,
                0.019108535785133884
            ],
            [
                -0.05919730811491961,
                -0.9972960424898275,
                0.04354632413965315,
                0.04016747068141546
            ],
            [
                0.4885020543586778,
                0.009101436293161192,
                0.8725152759377642,
                0.059590023425626096
            ],
            [
                0.0,
                0.0,
                0.0,
                1.0
            ]
        ],
        [
            [
                -0.8509702603547835,
                0.07094256519667774,
                0.520400584583672,
                0.021201566833565038
            ],
            [
                -0.06253277366705663,
                -0.9974729938578649,
                0.033723563597771615,
                0.04083288976160896
            ],
            [
                0.5214779652192574,
                -0.0038443422770879005,
                0.8532560886528964,
                0.05970159669047634
            ],
            [
                0.0,
                0.0,
                0.0,
                1.0
            ]
        ]
    ]
}