{
    "trj_id": [
        0,
        11,
        16,
        21,
        26,
        31,
        36,
        41,
        43,
        47,
        51,
        55,
        59,
        63,
        67,
        71,
        75,
        79,
        83,
        87
    ],
    "trj_est": [
        [
            [
                -0.9870349325206141,
                0.007680374854568717,
                -0.16032171975786616,
                -0.0
            ],
            [
                0.16050326724991326,
                0.04186517331950588,
                -0.9861470521504541,
                -0.0
            ],
            [
                -0.0008620824376990949,
                -0.9990937489069887,
                -0.042555113780244666,
                -0.0
            ],
            [
                0.0,
                0.0,
                0.0,
                1.0
            ]
        ],
        [
            [
                -0.9923523097018365,
                0.00492226485001755,
                -0.12331003175290796,
                -0.0261304933667642
            ],
            [
                0.12340523110681223,
                0.036890709918058144,
                -0.9916669789642991,
                -0.2818125675045705
            ],
            [
                -0.0003314427411917255,
                -0.9993023009478695,
                -0.03721648453781628,
                -0.015324656557026816
            ],
            [
                0.0,
                0.0,
                0.0,
                1.0
            ]
        ],
        [
            [
                -0.9977250068999665,
                0.007525158427741046,
                -0.066910221588419,
                -0.03098997492010861
            ],
            [
                0.06715238137040119,
                0.039068843511331684,
                -0.99697358216919,
                -0.5156925243809893
            ],
            [
                -0.0048869339003246885,
                -0.9992022430675774,
                -0.03948568856115118,
                -0.0257753639797212
            ],
            [
                0.0,
                0.0,
                0.0,
                1.0
            ]
        ],
        [
            [
                -0.9994880113163868,
                0.010280985845583904,
                0.030054391523798102,
                -0.017611942917190492
            ],
            [
                -0.029566199558097327,
                0.04473944993853946,
                -0.9985569709469837,
                -0.7564713688714492
            ],
            [
                -0.01160879049975874,
                -0.9989417894726814,
                -0.044413400489321776,
                -0.03220580535964738
            ],
            [
                0.0,
                0.0,
                0.0,
                1.0
            ]
        ],
        [
            [
                -0.9854657016731445,
                0.0080472556755296,
                0.1696608265262614,
                0.045243871325277754
            ],
            [
                -0.1691754749283134,
                0.04251350852672119,
                -0.984664473409974,
                -1.037616487893223
            ],
            [
                -0.015135052671874026,
                -0.9990612524026514,
                -0.040535125640854465,
                -0.04200924124075661
            ],
            [
                0.0,
                0.0,
                0.0,
                1.0
            ]
        ],
        [
            [
                -0.9435440541664067,
                0.0036474542342247907,
                0.3312104379329367,
                0.17931751616147687
            ],
            [
                -0.3308669074083973,
                0.036420357887976304,
                -0.9429688216774964,
                -1.3800751556244457
            ],
            [
                -0.01549975745892437,
                -0.9993273335963014,
                -0.03315974790120495,
                -0.0537469331785738
            ],
            [
                0.0,
                0.0,
                0.0,
                1.0
            ]
        ],
        [
            [
                -0.8687320504248514,
                -0.007077393291209033,
                0.49522060493952474,
                0.4015772567991735
            ],
            [
                -0.49518965348997723,
                0.03061790569269941,
                -0.8682393819053624,
                -1.7333458139546525
            ],
            [
                -0.009015755360965216,
                -0.9995015065568856,
                -0.030105789961457862,
                -0.05621731345106311
            ],
            [
                0.0,
                0.0,
                0.0,
                1.0
            ]
        ],
        [
            [
                -0.7556388993310323,
                -0.015768141495424746,
                0.654794356023958,
                0.7364509646922861
            ],
            [
                -0.6549243999129187,
                0.03185657197781706,
                -0.7550194773606407,
                -2.1031249503740197
            ],
            [
                -0.008953213718556605,
                -0.9993640654735924,
                -0.034400670651820814,
                -0.0631226383919918
            ],
            [
                0.0,
                0.0,
                0.0,
                1.0
            ]
        ],
        [
            [
                -0.7021518790245146,
                -0.011724363268141906,
                0.7119261349125565,
                0.8988012351640505
            ],
            [
                -0.7118651625784552,
                0.03264051598240677,
                -0.7015545255757215,
                -2.2497729970627307
            ],
            [
                -0.015011355033160693,
                -0.9993934373145443,
                -0.0312663447664344,
                -0.07611962727202932
            ],
            [
                0.0,
                0.0,
                0.0,
                1.0
            ]
        ],
        [
            [
                -0.5877179268326375,
                -0.022272603805030666,
                0.8087555123366166,
                1.2527873687477844
            ],
            [
                -0.8090540587020087,
                0.02134832673971519,
                -0.5873445179949579,
                -2.489700643063968
            ],
            [
                -0.004183148190948757,
                -0.9995188276563237,
                -0.030568444943791996,
                -0.08653130734178376
            ],
            [
                0.0,
                0.0,
                0.0,
                1.0
            ]
        ],
        [
            [
                -0.4872931219430237,
                -0.019737493636743358,
                0.8730105168431506,
                1.6230726376939306
            ],
            [
                -0.8731272529726086,
                0.026794515490620337,
                -0.4867516952887324,
                -2.6962055294180916
            ],
            [
                -0.013784256758351902,
                -0.999440779126927,
                -0.030292092422923845,
                -0.09397636456996109
            ],
            [
                0.0,
                0.0,
                0.0,
                1.0
            ]
        ],
        [
            [
                -0.40158321494434246,
                -0.018901892677710107,
                0.9156230370781754,
                2.0154204559631164
            ],
            [
                -0.9157093530903438,
                0.023823541194801942,
                -0.4011282820744758,
                -2.862746131682564
            ],
            [
                -0.014231109379310809,
                -0.9995321731201322,
                -0.026877801864222235,
                -0.09981061774286676
            ],
            [
                0.0,
                0.0,
                0.0,
                1.0
            ]
        ],
        [
            [
                -0.3334555136736044,
                -0.022779685420566274,
                0.9424869373445238,
                2.400889957142919
            ],
            [
                -0.9426436258614016,
                0.023882169892535002,
                -0.3329351481061171,
                -2.9946860309928165
            ],
            [
                -0.014924255381179839,
                -0.9994510291204256,
                -0.029439346592176185,
                -0.10335623535710178
            ],
            [
                0.0,
                0.0,
                0.0,
                1.0
            ]
        ],
        [
            [
                -0.26892965103157285,
                -0.02560957701713397,
                0.962816523351159,
                2.7653420180449118
            ],
            [
                -0.9630258044856437,
                0.023584706827579426,
                -0.2683616522686384,
                -3.088408262303609
            ],
            [
                -0.01583514344184728,
                -0.9993890525802981,
                -0.031007754405333994,
                -0.10582847044117312
            ],
            [
                0.0,
                0.0,
                0.0,
                1.0
            ]
        ],
        [
            [
                -0.2089251073721614,
                -0.022241981825254886,
                0.9776761211488174,
                3.1109122520316603
            ],
            [
                -0.9778554464037004,
                0.016879630214641065,
                -0.20858035572388509,
                -3.1519569803723453
            ],
            [
                -0.011863670001395606,
                -0.9996039354788459,
                -0.025278958170790608,
                -0.1044139828019408
            ],
            [
                0.0,
                0.0,
                0.0,
                1.0
            ]
        ],
        [
            [
                -0.15938692342462404,
                -0.018772802176224714,
                0.9870349599415841,
                3.438912194050614
            ],
            [
                -0.9871845111347021,
                0.010443348792711027,
                -0.15921359380819208,
                -3.1942329853722016
            ],
            [
                -0.0073190676026337696,
                -0.9997636030642076,
                -0.020199063443253642,
                -0.10380040147098579
            ],
            [
                0.0,
                0.0,
                0.0,
                1.0
            ]
        ],
        [
            [
                -0.12132355068010532,
                -0.019201851951508964,
                0.9924241274963519,
                3.7611892818625967
            ],
            [
                -0.9925580917107175,
                0.012498205044727586,
                -0.12109906614547276,
                -3.2299246034986893
            ],
            [
                -0.010078443891699195,
                -0.999731377036647,
                -0.020577801211094954,
                -0.10339349033756902
            ],
            [
                0.0,
                0.0,
                0.0,
                1.0
            ]
        ],
        [
            [
                -0.07753436276767685,
                -0.018202653267323857,
                0.9968212413520523,
                4.0611853585681725
            ],
            [
                -0.9969429730360374,
                0.010819092829345362,
                -0.07734680633936428,
                -3.2505998548475756
            ],
            [
                -0.009376934126811894,
                -0.999769779993419,
                -0.01898842994533799,
                -0.10321019489800394
            ],
            [
                0.0,
                0.0,
                0.0,
                1.0
            ]
        ],
        [
            [
                -0.03793162328027431,
                -0.019299987274959376,
                0.9990921948244635,
                4.364179558883998
            ],
            [
                -0.9992706604317022,
                0.004692884101930924,
                -0.037848152095777216,
                -3.2622040456037
            ],
            [
                -0.003958366626943913,
                -0.9997970884090057,
                -0.01946626358978521,
                -0.10593589786009269
            ],
            [
                0.0,
                0.0,
                0.0,
                1.0
            ]
        ],
        [
            [
                -0.013105169569544712,
                -0.022130974091158936,
                0.9996675547844789,
                4.631757431789771
            ],
            [
                -0.9999077762186986,
                0.003402025607023972,
                -0.013033706307245005,
                -3.2612739103514206
            ],
            [
                -0.0031127566328335698,
                -0.9997437392391465,
                -0.022175950619774565,
                -0.10326290228622997
            ],
            [
                0.0,
                0.0,
                0.0,
                1.0
            ]
        ]
    ],
    "trj_gt": [
        [
            [
                -0.9870349325206141,
                0.007680374854568717,
                -0.16032171975786616,
                -0.0
            ],
            [
                0.16050326724991326,
                0.04186517331950588,
                -0.9861470521504541,
                -0.0
            ],
            [
                -0.0008620824376990949,
                -0.9990937489069887,
                -0.042555113780244666,
                -0.0
            ],
            [
                0.0,
                0.0,
                0.0,
                1.0
            ]
        ],
        [
            [
                -0.9923389428827759,
                0.004605921212812934,
                -0.1234593371441634,
                -0.18996735222026476
            ],
            [
                0.1235450756872044,
                0.038545394145953454,
                -0.9915900699702352,
                -1.2930117552750746
            ],
            [
                0.00019160307352936195,
                -0.9992462349590887,
                -0.03881913456464166,
                -0.05500000000000682
            ],
            [
                0.0,
                0.0,
                0.0,
                1.0
            ]
        ],
        [
            [
                -0.9977152165697959,
                0.007025709741393732,
                -0.06719364573912442,
                -0.29672878138808295
            ],
            [
                0.06742835197366863,
                0.04150569319233762,
                -0.9968604189066482,
                -2.3377195874563768
            ],
            [
                -0.0042147331113995545,
                -0.9991135655345958,
                -0.04188459370158016,
                -0.09300000000000355
            ],
            [
                0.0,
                0.0,
                0.0,
                1.0
            ]
        ],
        [
            [
                -0.9995676246425802,
                0.009391499122057858,
                0.027863300426015668,
                -0.33188332524105135
            ],
            [
                -0.02737760568188916,
                0.048388109728317114,
                -0.9984533326821278,
                -3.6198261982390245
            ],
            [
                -0.010725226035707055,
                -0.9987844565176014,
                -0.048110071142352946,
                -0.1410000000000053
            ],
            [
                0.0,
                0.0,
                0.0,
                1.0
            ]
        ],
        [
            [
                -0.9862061285605495,
                0.006470759702126505,
                0.16539528789687571,
                -0.1975708314075749
            ],
            [
                -0.16489730048598966,
                0.048311219574585236,
                -0.9851268478503921,
                -5.119182028418435
            ],
            [
                -0.01436496717874093,
                -0.9988113712468902,
                -0.04657781001571616,
                -0.21300000000000804
            ],
            [
                0.0,
                0.0,
                0.0,
                1.0
            ]
        ],
        [
            [
                -0.9460761588923102,
                0.0016293183052156928,
                0.323940190309002,
                0.21321378782522563
            ],
            [
                -0.3235490987958013,
                0.04462662001636354,
                -0.9451584234689653,
                -6.785369357063248
            ],
            [
                -0.015996319701635116,
                -0.9990024074584481,
                -0.04169301678012387,
                -0.29200000000000154
            ],
            [
                0.0,
                0.0,
                0.0,
                1.0
            ]
        ],
        [
            [
                -0.8731813121356069,
                -0.005975520195374998,
                0.4873588916758723,
                0.9746287825869325
            ],
            [
                -0.4871779513692682,
                0.04057459649147966,
                -0.8723596424750497,
                -8.53784599789469
            ],
            [
                -0.01456158771504349,
                -0.9991586436987614,
                -0.03834012109095148,
                -0.36500000000000915
            ],
            [
                0.0,
                0.0,
                0.0,
                1.0
            ]
        ],
        [
            [
                -0.7667186475943295,
                -0.015894652247239262,
                0.6417864718588746,
                2.1106360943517752
            ],
            [
                -0.6418137814707652,
                0.04194776244774073,
                -0.7657123840841448,
                -10.2204561973067
            ],
            [
                -0.014750774397287721,
                -0.99899336597175,
                -0.04236353855750339,
                -0.43500000000000216
            ],
            [
                0.0,
                0.0,
                0.0,
                1.0
            ]
        ],
        [
            [
                -0.716107842232842,
                -0.013891479272648605,
                0.6978514061720023,
                2.693617321535837
            ],
            [
                -0.6976801013391737,
                0.0440188585496273,
                -0.715055813407141,
                -10.879186017005846
            ],
            [
                -0.02078543932621169,
                -0.9989341153928049,
                -0.0412140584802188,
                -0.47200000000000825
            ],
            [
                0.0,
                0.0,
                0.0,
                1.0
            ]
        ],
        [
            [
                -0.6072247011682889,
                -0.02643967620992656,
                0.794090111897256,
                4.062176938683478
            ],
            [
                -0.7944483824872436,
                0.034543103084345154,
                -0.6063485314509359,
                -12.104527807183329
            ],
            [
                -0.01139867775159888,
                -0.9990534107600146,
                -0.04198038344627948,
                -0.5430000000000064
            ],
            [
                0.0,
                0.0,
                0.0,
                1.0
            ]
        ],
        [
            [
                -0.5120008721397235,
                -0.02570683799750809,
                0.8586001778524929,
                5.631630029580265
            ],
            [
                -0.8587538533114522,
                0.038501804308824515,
                -0.5109397523071562,
                -13.175815787984904
            ],
            [
                -0.019923010588151623,
                -0.9989278099768446,
                -0.04178880357188445,
                -0.6210000000000093
            ],
            [
                0.0,
                0.0,
                0.0,
                1.0
            ]
        ],
        [
            [
                -0.4292855956253097,
                -0.026438447851209683,
                0.9027817487432063,
                7.307787217272107
            ],
            [
                -0.9028976966305171,
                0.03705206373779353,
                -0.42825564093433366,
                -14.079529045337042
            ],
            [
                -0.02212751246592123,
                -0.9989635393987057,
                -0.03977713091816892,
                -0.6989999999999983
            ],
            [
                0.0,
                0.0,
                0.0,
                1.0
            ]
        ],
        [
            [
                -0.3649069163519239,
                -0.031068335747759083,
                0.930525497185539,
                8.942988666746716
            ],
            [
                -0.930760194144359,
                0.03684876263679548,
                -0.3637686485783133,
                -14.800239931195389
            ],
            [
                -0.022987026664736402,
                -0.9988377882349073,
                -0.0423635385575034,
                -0.76400000000001
            ],
            [
                0.0,
                0.0,
                0.0,
                1.0
            ]
        ],
        [
            [
                -0.30114850064150384,
                -0.03408350542289145,
                0.9529679402894212,
                10.577868881555787
            ],
            [
                -0.9532343402000752,
                0.037558688573670104,
                -0.299889375563646,
                -15.38664163541398
            ],
            [
                -0.025570944931731156,
                -0.9987130016029198,
                -0.04380031055351754,
                -0.8359999999999983
            ],
            [
                0.0,
                0.0,
                0.0,
                1.0
            ]
        ],
        [
            [
                -0.2415605447801615,
                -0.031176252259087378,
                0.9698848099133163,
                12.149128800710058
            ],
            [
                -0.9700925402282046,
                0.03232671556106928,
                -0.24057316320533984,
                -15.83775452671762
            ],
            [
                -0.023853020754213246,
                -0.9989910033409266,
                -0.03805270877069858,
                -0.9110000000000014
            ],
            [
                0.0,
                0.0,
                0.0,
                1.0
            ]
        ],
        [
            [
                -0.1920052169172302,
                -0.027956783845074062,
                0.9809956243091033,
                13.636503890848866
            ],
            [
                -0.9811992250208444,
                0.02537783592058665,
                -0.19132183948123255,
                -16.167333248502477
            ],
            [
                -0.0195468026813111,
                -0.999286937611529,
                -0.03230385153368404,
                -0.9699999999999989
            ],
            [
                0.0,
                0.0,
                0.0,
                1.0
            ]
        ],
        [
            [
                -0.15404860194471565,
                -0.028443721815672396,
                0.9876537768510539,
                15.016212942331093
            ],
            [
                -0.987804486739904,
                0.027309663648171015,
                -0.15328561004849245,
                -16.415766891930616
            ],
            [
                -0.022612479196083075,
                -0.9992222660452963,
                -0.03230385153368404,
                -1.0130000000000052
            ],
            [
                0.0,
                0.0,
                0.0,
                1.0
            ]
        ],
        [
            [
                -0.11097365169328856,
                -0.028005198836844238,
                0.9934286876610547,
                16.289365747486958
            ],
            [
                -0.9935703805731207,
                0.025678783977856605,
                -0.11026558348461488,
                -16.5925397355295
            ],
            [
                -0.022422031077506517,
                -0.9992778937270289,
                -0.03067480449541511,
                -1.054000000000002
            ],
            [
                0.0,
                0.0,
                0.0,
                1.0
            ]
        ],
        [
            [
                -0.07237464238500158,
                -0.02981517507339219,
                0.9969317762389693,
                17.536454719259837
            ],
            [
                -0.9972250341727092,
                0.019640924429673995,
                -0.07180853227010271,
                -16.710856204195803
            ],
            [
                -0.017439677717253813,
                -0.9993624414710066,
                -0.03115394386313734,
                -1.0900000000000032
            ],
            [
                0.0,
                0.0,
                0.0,
                1.0
            ]
        ],
        [
            [
                -0.047598125721254304,
                -0.03244476591529275,
                0.9983394991647508,
                18.792038466029226
            ],
            [
                -0.9987306013719537,
                0.018036268638079517,
                -0.04703061658994824,
                -16.78701283899682
            ],
            [
                -0.01648042205282845,
                -0.9993107775753832,
                -0.03326207315613022,
                -1.1260000000000048
            ],
            [
                0.0,
                0.0,
                0.0,
                1.0
            ]
        ]
    ]
}