{
    "trj_id": [
        0,
        11,
        16,
        21,
        26,
        31,
        36,
        41,
        43,
        47
    ],
    "trj_est": [
        [
            [
                -0.9870349325206141,
                0.007680374854568717,
                -0.16032171975786616,
                -0.0
            ],
            [
                0.16050326724991326,
                0.04186517331950588,
                -0.9861470521504541,
                -0.0
            ],
            [
                -0.0008620824376990949,
                -0.9990937489069887,
                -0.042555113780244666,
                -0.0
            ],
            [
                0.0,
                0.0,
                0.0,
                1.0
            ]
        ],
        [
            [
                -0.9923523097018365,
                0.00492226485001755,
                -0.12331003175290796,
                -0.0261304933667642
            ],
            [
                0.12340523110681223,
                0.036890709918058144,
                -0.9916669789642991,
                -0.2818125675045705
            ],
            [
                -0.0003314427411917255,
                -0.9993023009478695,
                -0.03721648453781628,
                -0.015324656557026816
            ],
            [
                0.0,
                0.0,
                0.0,
                1.0
            ]
        ],
        [
            [
                -0.9977250068999665,
                0.007525158427741046,
                -0.066910221588419,
                -0.03098997492010861
            ],
            [
                0.06715238137040119,
                0.039068843511331684,
                -0.99697358216919,
                -0.5156925243809893
            ],
            [
                -0.0048869339003246885,
                -0.9992022430675774,
                -0.03948568856115118,
                -0.0257753639797212
            ],
            [
                0.0,
                0.0,
                0.0,
                1.0
            ]
        ],
        [
            [
                -0.9994880113163868,
                0.010280985845583904,
                0.030054391523798102,
                -0.017611942917190492
            ],
            [
                -0.029566199558097327,
                0.04473944993853946,
                -0.9985569709469837,
                -0.7564713688714492
            ],
            [
                -0.01160879049975874,
                -0.9989417894726814,
                -0.044413400489321776,
                -0.03220580535964738
            ],
            [
                0.0,
                0.0,
                0.0,
                1.0
            ]
        ],
        [
            [
                -0.9854657016731445,
                0.0080472556755296,
                0.1696608265262614,
                0.045243871325277754
            ],
            [
                -0.1691754749283134,
                0.04251350852672119,
                -0.984664473409974,
                -1.037616487893223
            ],
            [
                -0.015135052671874026,
                -0.9990612524026514,
                -0.040535125640854465,
                -0.04200924124075661
            ],
            [
                0.0,
                0.0,
                0.0,
                1.0
            ]
        ],
        [
            [
                -0.9435440541664067,
                0.0036474542342247907,
                0.3312104379329367,
                0.17931751616147687
            ],
            [
                -0.3308669074083973,
                0.036420357887976304,
                -0.9429688216774964,
                -1.3800751556244457
            ],
            [
                -0.01549975745892437,
                -0.9993273335963014,
                -0.03315974790120495,
                -0.0537469331785738
            ],
            [
                0.0,
                0.0,
                0.0,
                1.0
            ]
        ],
        [
            [
                -0.8687252291185897,
                -0.007223557693984582,
                0.49523075062512195,
                0.4023892609000117
            ],
            [
                -0.49520674601699866,
                0.03036487052968148,
                -0.86823933057723,
                -1.7367243783242439
            ],
            [
                -0.008763940560521766,
                -0.9995086597403505,
                -0.029958099241708874,
                -0.05756327755546977
            ],
            [
                0.0,
                0.0,
                0.0,
                1.0
            ]
        ],
        [
            [
                -0.7558420698175514,
                -0.017534534363328698,
                0.6545148696898034,
                0.7356311258446169
            ],
            [
                -0.6547115117410502,
                0.031210074436498033,
                -0.7552315285458732,
                -2.1037560151854513
            ],
            [
                -0.007183631616114162,
                -0.9993552933992255,
                -0.035071751532803355,
                -0.06544608336649414
            ],
            [
                0.0,
                0.0,
                0.0,
                1.0
            ]
        ],
        [
            [
                -0.701752085302286,
                -0.01577473174028091,
                0.7122421617260235,
                0.8873162197258282
            ],
            [
                -0.712295613105167,
                0.03403164961749784,
                -0.701051416401694,
                -2.244548421198607
            ],
            [
                -0.013178926717492144,
                -0.9992925669169376,
                -0.03511997550085177,
                -0.07109158286011823
            ],
            [
                0.0,
                0.0,
                0.0,
                1.0
            ]
        ],
        [
            [
                -0.5883841066980329,
                -0.03202651510548659,
                0.8079429099145653,
                1.2454105304320826
            ],
            [
                -0.8085710342673247,
                0.018948866416478354,
                -0.5880905713527369,
                -2.484280927707512
            ],
            [
                0.003525576869433936,
                -0.9993034690690213,
                -0.037046989969039025,
                -0.08547504678403799
            ],
            [
                0.0,
                0.0,
                0.0,
                1.0
            ]
        ]
    ],
    "trj_gt": [
        [
            [
                -0.9870349325206141,
                0.007680374854568717,
                -0.16032171975786616,
                -0.0
            ],
            [
                0.16050326724991326,
                0.04186517331950588,
                -0.9861470521504541,
                -0.0
            ],
            [
                -0.0008620824376990949,
                -0.9990937489069887,
                -0.042555113780244666,
                -0.0
            ],
            [
                0.0,
                0.0,
                0.0,
                1.0
            ]
        ],
        [
            [
                -0.9923389428827759,
                0.004605921212812934,
                -0.1234593371441634,
                -0.18996735222026476
            ],
            [
                0.1235450756872044,
                0.038545394145953454,
                -0.9915900699702352,
                -1.2930117552750746
            ],
            [
                0.00019160307352936195,
                -0.9992462349590887,
                -0.03881913456464166,
                -0.05500000000000682
            ],
            [
                0.0,
                0.0,
                0.0,
                1.0
            ]
        ],
        [
            [
                -0.9977152165697959,
                0.007025709741393732,
                -0.06719364573912442,
                -0.29672878138808295
            ],
            [
                0.06742835197366863,
                0.04150569319233762,
                -0.9968604189066482,
                -2.3377195874563768
            ],
            [
                -0.0042147331113995545,
                -0.9991135655345958,
                -0.04188459370158016,
                -0.09300000000000355
            ],
            [
                0.0,
                0.0,
                0.0,
                1.0
            ]
        ],
        [
            [
                -0.9995676246425802,
                0.009391499122057858,
                0.027863300426015668,
                -0.33188332524105135
            ],
            [
                -0.02737760568188916,
                0.048388109728317114,
                -0.9984533326821278,
                -3.6198261982390245
            ],
            [
                -0.010725226035707055,
                -0.9987844565176014,
                -0.048110071142352946,
                -0.1410000000000053
            ],
            [
                0.0,
                0.0,
                0.0,
                1.0
            ]
        ],
        [
            [
                -0.9862061285605495,
                0.006470759702126505,
                0.16539528789687571,
                -0.1975708314075749
            ],
            [
                -0.16489730048598966,
                0.048311219574585236,
                -0.9851268478503921,
                -5.119182028418435
            ],
            [
                -0.01436496717874093,
                -0.9988113712468902,
                -0.04657781001571616,
                -0.21300000000000804
            ],
            [
                0.0,
                0.0,
                0.0,
                1.0
            ]
        ],
        [
            [
                -0.9460761588923102,
                0.0016293183052156928,
                0.323940190309002,
                0.21321378782522563
            ],
            [
                -0.3235490987958013,
                0.04462662001636354,
                -0.9451584234689653,
                -6.785369357063248
            ],
            [
                -0.015996319701635116,
                -0.9990024074584481,
                -0.04169301678012387,
                -0.29200000000000154
            ],
            [
                0.0,
                0.0,
                0.0,
                1.0
            ]
        ],
        [
            [
                -0.8731813121356069,
                -0.005975520195374998,
                0.4873588916758723,
                0.9746287825869325
            ],
            [
                -0.4871779513692682,
                0.04057459649147966,
                -0.8723596424750497,
                -8.53784599789469
            ],
            [
                -0.01456158771504349,
                -0.9991586436987614,
                -0.03834012109095148,
                -0.36500000000000915
            ],
            [
                0.0,
                0.0,
                0.0,
                1.0
            ]
        ],
        [
            [
                -0.7667186475943295,
                -0.015894652247239262,
                0.6417864718588746,
                2.1106360943517752
            ],
            [
                -0.6418137814707652,
                0.04194776244774073,
                -0.7657123840841448,
                -10.2204561973067
            ],
            [
                -0.014750774397287721,
                -0.99899336597175,
                -0.04236353855750339,
                -0.43500000000000216
            ],
            [
                0.0,
                0.0,
                0.0,
                1.0
            ]
        ],
        [
            [
                -0.716107842232842,
                -0.013891479272648605,
                0.6978514061720023,
                2.693617321535837
            ],
            [
                -0.6976801013391737,
                0.0440188585496273,
                -0.715055813407141,
                -10.879186017005846
            ],
            [
                -0.02078543932621169,
                -0.9989341153928049,
                -0.0412140584802188,
                -0.47200000000000825
            ],
            [
                0.0,
                0.0,
                0.0,
                1.0
            ]
        ],
        [
            [
                -0.6072247011682889,
                -0.02643967620992656,
                0.794090111897256,
                4.062176938683478
            ],
            [
                -0.7944483824872436,
                0.034543103084345154,
                -0.6063485314509359,
                -12.104527807183329
            ],
            [
                -0.01139867775159888,
                -0.9990534107600146,
                -0.04198038344627948,
                -0.5430000000000064
            ],
            [
                0.0,
                0.0,
                0.0,
                1.0
            ]
        ]
    ]
}