{
    "trj_id": [
        0,
        47,
        52,
        57,
        63,
        68,
        74,
        193
    ],
    "trj_est": [
        [
            [
                -0.9585129518749981,
                0.0807944605545034,
                0.2733590610014328,
                0.01051038637198394
            ],
            [
                -0.08468365944949716,
                -0.9964049051869538,
                -0.0024377739067156096,
                0.03641651331988294
            ],
            [
                0.2721793506313804,
                -0.02548568349260948,
                0.9619089775164773,
                0.05674575557210698
            ],
            [
                0.0,
                0.0,
                0.0,
                1.0
            ]
        ],
        [
            [
                -0.959615453274088,
                0.09079107905210075,
                0.2662613824891454,
                -0.07407669572875837
            ],
            [
                -0.09153175937707567,
                -0.9957534334387595,
                0.009654231548579448,
                -0.04339719173698954
            ],
            [
                0.2660079257372507,
                -0.015106824432008852,
                0.9638524508087211,
                0.04116457225637287
            ],
            [
                0.0,
                0.0,
                0.0,
                1.0
            ]
        ],
        [
            [
                -0.9589745905192032,
                0.14929411036140366,
                0.24100418723935693,
                -0.17963840555110944
            ],
            [
                -0.1398884163414022,
                -0.9885951154367723,
                0.05578218614912199,
                -0.13076453470399854
            ],
            [
                0.24658324715022226,
                0.019780469558610392,
                0.9689206184279737,
                0.08660861861916352
            ],
            [
                0.0,
                0.0,
                0.0,
                1.0
            ]
        ],
        [
            [
                -0.9565116265956891,
                0.19094267164346515,
                0.2205347318211662,
                -0.32418774413220164
            ],
            [
                -0.16610433378591657,
                -0.9779826928163696,
                0.12632949513324687,
                -0.24676751171475597
            ],
            [
                0.23980067701746582,
                0.08420426352917486,
                0.9671669824762706,
                0.2066060127897166
            ],
            [
                0.0,
                0.0,
                0.0,
                1.0
            ]
        ],
        [
            [
                -0.9637414823898643,
                0.1853766409172765,
                0.19195568195302157,
                -0.35910778799683407
            ],
            [
                -0.15624324868296596,
                -0.9751142861743233,
                0.1572805524097477,
                -0.2998970783498728
            ],
            [
                0.21633288204527093,
                0.12158442510508194,
                0.9687209686777576,
                0.23362985901778915
            ],
            [
                0.0,
                0.0,
                0.0,
                1.0
            ]
        ],
        [
            [
                -0.9604041213332156,
                0.1855869629737151,
                0.20779971896240607,
                -0.33804318429028196
            ],
            [
                -0.15337641952633307,
                -0.9748322484358548,
                0.16178671161993594,
                -0.2724176404485034
            ],
            [
                0.23258989217809561,
                0.12350815543524009,
                0.9646979335502791,
                0.23092152773084623
            ],
            [
                0.0,
                0.0,
                0.0,
                1.0
            ]
        ],
        [
            [
                -0.9576637585346285,
                0.18310958786484735,
                0.22216817498665847,
                -0.3087555926529314
            ],
            [
                -0.15166537485031684,
                -0.9767748009982143,
                0.1513265385073665,
                -0.24547822309388037
            ],
            [
                0.2447148082224481,
                0.11122278853696059,
                0.9631937461833693,
                0.22821561231377915
            ],
            [
                0.0,
                0.0,
                0.0,
                1.0
            ]
        ],
        [
            [
                -0.9566924984120095,
                0.1961579008821112,
                0.2151027624742846,
                -0.32827302542296594
            ],
            [
                -0.16106586231994013,
                -0.9721516656210872,
                0.17020894455424457,
                -0.25853109289205395
            ],
            [
                0.2424966420836434,
                0.128190585558016,
                0.9616452866428514,
                0.26252135128990445
            ],
            [
                0.0,
                0.0,
                0.0,
                1.0
            ]
        ]
    ],
    "trj_gt": [
        [
            [
                -0.9585129518749981,
                0.0807944605545034,
                0.2733590610014328,
                0.01051038637198394
            ],
            [
                -0.08468365944949716,
                -0.9964049051869538,
                -0.0024377739067156096,
                0.03641651331988294
            ],
            [
                0.2721793506313804,
                -0.02548568349260948,
                0.9619089775164773,
                0.05674575557210698
            ],
            [
                0.0,
                0.0,
                0.0,
                1.0
            ]
        ],
        [
            [
                -0.9224900984588397,
                0.08970413368244674,
                0.37545330820979894,
                0.013410558368354938
            ],
            [
                -0.07270713440442683,
                -0.9955931698959822,
                0.0592276342864301,
                0.03830984598140128
            ],
            [
                0.3791117128922518,
                0.02733877204177649,
                0.9249469718265748,
                0.05798848092414561
            ],
            [
                0.0,
                0.0,
                0.0,
                1.0
            ]
        ],
        [
            [
                -0.883766759348074,
                0.09195789612447884,
                0.4588028557144804,
                0.015913299765490364
            ],
            [
                -0.05342757886593563,
                -0.9939177509185909,
                0.09629640816486185,
                0.039029808477589314
            ],
            [
                0.46486751756594796,
                0.06059083882311748,
                0.883304557535386,
                0.05793730760450285
            ],
            [
                0.0,
                0.0,
                0.0,
                1.0
            ]
        ],
        [
            [
                -0.8548001934508268,
                0.0958750667544033,
                0.5100241179113669,
                0.019306199759929314
            ],
            [
                -0.07759165391823716,
                -0.9953508158372677,
                0.05706389974684847,
                0.040366338189536805
            ],
            [
                0.5131239270572575,
                0.009204617695731696,
                0.85826517492813,
                0.05786599555356554
            ],
            [
                0.0,
                0.0,
                0.0,
                1.0
            ]
        ],
        [
            [
                -0.8512921129389553,
                0.08649842856594428,
                0.5175130532687572,
                0.02002810180812207
            ],
            [
                -0.08082545048457529,
                -0.9961635956504106,
                0.03354604678365183,
                0.04005534376436412
            ],
            [
                0.5184293442716131,
                -0.013270740614891297,
                0.855017486629155,
                0.05768235824554528
            ],
            [
                0.0,
                0.0,
                0.0,
                1.0
            ]
        ],
        [
            [
                -0.865504784728685,
                0.07363098285935726,
                0.4954593282752059,
                0.019359798227058033
            ],
            [
                -0.06420762420865923,
                -0.9972853656429993,
                0.03604553325711458,
                0.039805573550326816
            ],
            [
                0.4967684054015842,
                -0.0006146848584395542,
                0.867882926181459,
                0.05879309216772446
            ],
            [
                0.0,
                0.0,
                0.0,
                1.0
            ]
        ],
        [
            [
                -0.8704355948133368,
                0.07297105619946577,
                0.4868440204409279,
                0.019090704227708335
            ],
            [
                -0.05914934543330349,
                -0.9972910318289037,
                0.04372588213463756,
                0.04013906715110852
            ],
            [
                0.48871589928788284,
                0.00926405908740239,
                0.8723938027017736,
                0.05954792345226019
            ],
            [
                0.0,
                0.0,
                0.0,
                1.0
            ]
        ],
        [
            [
                -0.8571682806500949,
                0.06752915649421294,
                0.5105901993483046,
                0.02062372283490891
            ],
            [
                -0.05722756648221236,
                -0.9977161164347261,
                0.03588253949949791,
                0.040520050967044315
            ],
            [
                0.5118471884086943,
                0.0015375401097725589,
                0.8590751373940032,
                0.059808266193280585
            ],
            [
                0.0,
                0.0,
                0.0,
                1.0
            ]
        ]
    ]
}