{
    "trj_id": [
        1,
        2,
        3,
        4,
        5,
        6,
        7,
        8,
        9,
        10,
        11,
        12,
        13,
        14,
        15,
        16,
        17,
        18,
        19,
        20,
        21,
        22,
        23,
        24,
        25,
        26,
        27,
        28,
        29,
        30,
        31,
        32,
        33,
        34,
        35,
        36,
        37,
        38,
        39,
        40,
        41,
        42,
        43,
        44,
        45,
        46,
        47,
        48,
        49,
        50,
        51,
        52,
        53,
        54,
        55,
        56,
        57,
        58,
        59,
        60,
        61,
        62,
        63,
        64,
        65,
        66,
        67,
        68,
        69,
        70,
        71,
        72,
        73,
        74,
        75,
        76,
        77,
        78,
        79,
        80,
        81,
        82,
        83,
        84,
        85,
        86,
        87,
        88,
        89,
        90,
        91,
        92,
        93,
        94,
        95,
        96,
        97,
        98,
        99,
        100,
        101,
        102,
        103,
        104,
        105,
        106,
        107,
        108,
        109,
        110,
        111,
        112,
        113,
        114,
        115,
        116,
        117,
        118,
        119,
        120,
        121,
        122,
        123,
        124,
        125,
        126,
        127,
        128,
        129,
        130,
        131,
        132,
        133,
        134,
        135,
        136,
        137,
        138,
        139,
        140,
        141,
        142,
        143,
        144,
        145,
        146,
        147,
        148,
        149,
        150,
        151,
        152,
        153,
        154,
        155,
        156,
        157,
        158,
        159,
        160,
        161,
        162,
        163,
        164,
        165,
        166,
        167,
        168,
        169,
        170,
        171,
        172,
        173,
        174,
        175,
        176,
        177,
        178,
        179,
        180,
        181,
        182,
        183,
        184,
        185,
        186,
        187,
        188,
        189,
        190,
        191,
        192,
        193,
        194,
        195,
        196,
        197
    ],
    "trj_est": [
        [
            [
                -0.958082377910614,
                0.08113407343626022,
                0.27476397156715393,
                0.01021238137036562
            ],
            [
                -0.08478927612304688,
                -0.9963976144790649,
                -0.0014311072882264853,
                0.0361066572368145
            ],
            [
                0.2736581861972809,
                -0.02466818317770958,
                0.9615104794502258,
                0.05698053911328316
            ],
            [
                0.0,
                0.0,
                0.0,
                1.0
            ]
        ],
        [
            [
                -0.9576293230056763,
                0.08238543570041656,
                0.2759701609611511,
                0.011564666405320168
            ],
            [
                -0.08567577600479126,
                -0.9963232278823853,
                0.00013360939919948578,
                0.03561492636799812
            ],
            [
                0.274966299533844,
                -0.023515954613685608,
                0.9611660838127136,
                0.057016775012016296
            ],
            [
                0.0,
                0.0,
                0.0,
                1.0
            ]
        ],
        [
            [
                -0.9570668935775757,
                0.08233784139156342,
                0.27792710065841675,
                0.012062598951160908
            ],
            [
                -0.08557283133268356,
                -0.9963322281837463,
                0.0004923420492559671,
                0.037055667489767075
            ],
            [
                0.2769479751586914,
                -0.023311786353588104,
                0.9606019258499146,
                0.05567067861557007
            ],
            [
                0.0,
                0.0,
                0.0,
                1.0
            ]
        ],
        [
            [
                -0.9567580819129944,
                0.08198188990354538,
                0.27909359335899353,
                0.013797029852867126
            ],
            [
                -0.08507342636585236,
                -0.9963739514350891,
                0.0010393302654847503,
                0.03725762292742729
            ],
            [
                0.2781667709350586,
                -0.022749096155166626,
                0.9602632522583008,
                0.05393579602241516
            ],
            [
                0.0,
                0.0,
                0.0,
                1.0
            ]
        ],
        [
            [
                -0.9567301869392395,
                0.08212227374315262,
                0.2791467010974884,
                0.014950317330658436
            ],
            [
                -0.08505617827177048,
                -0.9963747262954712,
                0.0016075661405920982,
                0.036483313888311386
            ],
            [
                0.278266966342926,
                -0.022205159068107605,
                0.9602470993995667,
                0.05222862586379051
            ],
            [
                0.0,
                0.0,
                0.0,
                1.0
            ]
        ],
        [
            [
                -0.9569258093833923,
                0.08088188618421555,
                0.27884092926979065,
                0.018006036058068275
            ],
            [
                -0.08390827476978302,
                -0.9964727759361267,
                0.001085778814740479,
                0.03557521104812622
            ],
            [
                0.27794507145881653,
                -0.02235807105898857,
                0.9603368043899536,
                0.047754235565662384
            ],
            [
                0.0,
                0.0,
                0.0,
                1.0
            ]
        ],
        [
            [
                -0.9574565291404724,
                0.07825858145952225,
                0.2777666747570038,
                0.0223415344953537
            ],
            [
                -0.08126737177371979,
                -0.9966924786567688,
                0.0006836635293439031,
                0.034698422998189926
            ],
            [
                0.2769014239311218,
                -0.021918803453445435,
                0.9606477618217468,
                0.04387621581554413
            ],
            [
                0.0,
                0.0,
                0.0,
                1.0
            ]
        ],
        [
            [
                -0.9573987126350403,
                0.07731781154870987,
                0.27822795510292053,
                0.02188447117805481
            ],
            [
                -0.08028330653905869,
                -0.9967715740203857,
                0.0007374859997071326,
                0.0350043959915638
            ],
            [
                0.27738669514656067,
                -0.021631022915244102,
                0.960515022277832,
                0.0457998625934124
            ],
            [
                0.0,
                0.0,
                0.0,
                1.0
            ]
        ],
        [
            [
                -0.9568442106246948,
                0.0775499939918518,
                0.2800644636154175,
                0.017228221520781517
            ],
            [
                -0.08047685027122498,
                -0.9967559576034546,
                0.0010522307129576802,
                0.03621511161327362
            ],
            [
                0.2792375385761261,
                -0.02153189852833748,
                0.9599807858467102,
                0.05035924166440964
            ],
            [
                0.0,
                0.0,
                0.0,
                1.0
            ]
        ],
        [
            [
                -0.9560670256614685,
                0.07742810994386673,
                0.28273680806159973,
                0.013288256712257862
            ],
            [
                -0.08060789853334427,
                -0.996745765209198,
                0.0003873354580719024,
                0.037646014243364334
            ],
            [
                0.2818467617034912,
                -0.022420432418584824,
                0.9591974020004272,
                0.05196259543299675
            ],
            [
                0.0,
                0.0,
                0.0,
                1.0
            ]
        ],
        [
            [
                -0.9562242031097412,
                0.07787138223648071,
                0.28208473324775696,
                0.013027883134782314
            ],
            [
                -0.080926313996315,
                -0.9967195987701416,
                0.000823945680167526,
                0.03613736480474472
            ],
            [
                0.28122398257255554,
                -0.02204030379652977,
                0.9593891501426697,
                0.04955827444791794
            ],
            [
                0.0,
                0.0,
                0.0,
                1.0
            ]
        ],
        [
            [
                -0.9566959142684937,
                0.07862626761198044,
                0.280270516872406,
                0.015485342592000961
            ],
            [
                -0.081863634288311,
                -0.9966434240341187,
                0.00015669730782974511,
                0.03462602570652962
            ],
            [
                0.2793419659137726,
                -0.022794123739004135,
                0.9599213004112244,
                0.04494154453277588
            ],
            [
                0.0,
                0.0,
                0.0,
                1.0
            ]
        ],
        [
            [
                -0.9573245644569397,
                0.0782705545425415,
                0.27821552753448486,
                0.01760229654610157
            ],
            [
                -0.0815570205450058,
                -0.9966685771942139,
                -0.0002396182535449043,
                0.033035796135663986
            ],
            [
                0.27726975083351135,
                -0.02291986718773842,
                0.9605184197425842,
                0.04070916026830673
            ],
            [
                0.0,
                0.0,
                0.0,
                1.0
            ]
        ],
        [
            [
                -0.9572615623474121,
                0.07801606506109238,
                0.27850425243377686,
                0.01572711579501629
            ],
            [
                -0.08112332969903946,
                -0.996704638004303,
                0.0003685691626742482,
                0.029626211151480675
            ],
            [
                0.27761518955230713,
                -0.02224026434123516,
                0.9604349732398987,
                0.03892035782337189
            ],
            [
                0.0,
                0.0,
                0.0,
                1.0
            ]
        ],
        [
            [
                -0.9557443857192993,
                0.07885963469743729,
                0.283431738615036,
                0.005499126855283976
            ],
            [
                -0.08181211352348328,
                -0.9966467022895813,
                0.001424446702003479,
                0.024655716493725777
            ],
            [
                0.28259363770484924,
                -0.02182685397565365,
                0.9589915871620178,
                0.04044800624251366
            ],
            [
                0.0,
                0.0,
                0.0,
                1.0
            ]
        ],
        [
            [
                -0.9556398391723633,
                0.07934150099754333,
                0.283649742603302,
                0.003976003732532263
            ],
            [
                -0.08159687370061874,
                -0.9966574311256409,
                0.0038746697828173637,
                0.018974943086504936
            ],
            [
                0.2830093204975128,
                -0.019442176446318626,
                0.9589206576347351,
                0.04104539006948471
            ],
            [
                0.0,
                0.0,
                0.0,
                1.0
            ]
        ],
        [
            [
                -0.9555384516716003,
                0.08003956824541092,
                0.2837958335876465,
                0.0028063354548066854
            ],
            [
                -0.0814199447631836,
                -0.9966560006141663,
                0.0069487979635596275,
                0.012149379588663578
            ],
            [
                0.28340309858322144,
                -0.016466950997710228,
                0.9588595628738403,
                0.041082657873630524
            ],
            [
                0.0,
                0.0,
                0.0,
                1.0
            ]
        ],
        [
            [
                -0.956168532371521,
                0.08017268776893616,
                0.2816283404827118,
                0.006232723128050566
            ],
            [
                -0.080912284553051,
                -0.9966804385185242,
                0.00902168732136488,
                0.00668480945751071
            ],
            [
                0.2814168334007263,
                -0.014160901308059692,
                0.9594812989234924,
                0.03970818221569061
            ],
            [
                0.0,
                0.0,
                0.0,
                1.0
            ]
        ],
        [
            [
                -0.9564912915229797,
                0.08168124407529831,
                0.28009459376335144,
                0.00890335626900196
            ],
            [
                -0.08161786943674088,
                -0.99659264087677,
                0.011911395937204361,
                -0.0003148539108224213
            ],
            [
                0.280113160610199,
                -0.011467555537819862,
                0.9598982930183411,
                0.03790559992194176
            ],
            [
                0.0,
                0.0,
                0.0,
                1.0
            ]
        ],
        [
            [
                -0.9565932154655457,
                0.0827815979719162,
                0.27942219376564026,
                0.010300811380147934
            ],
            [
                -0.08262437582015991,
                -0.9965040683746338,
                0.01236273068934679,
                -0.0034133559092879295
            ],
            [
                0.2794688940048218,
                -0.01126092579215765,
                0.9600887298583984,
                0.036414433270692825
            ],
            [
                0.0,
                0.0,
                0.0,
                1.0
            ]
        ],
        [
            [
                -0.9564076066017151,
                0.08389848470687866,
                0.27972516417503357,
                0.011555184610188007
            ],
            [
                -0.0837390124797821,
                -0.9964085817337036,
                0.012543518096208572,
                -0.006246441043913364
            ],
            [
                0.2797729969024658,
                -0.011427272111177444,
                0.9599979519844055,
                0.0358850471675396
            ],
            [
                0.0,
                0.0,
                0.0,
                1.0
            ]
        ],
        [
            [
                -0.9567129611968994,
                0.08306436240673065,
                0.2789249122142792,
                0.013348361477255821
            ],
            [
                -0.08321009576320648,
                -0.9964671730995178,
                0.011338869109749794,
                -0.005486403591930866
            ],
            [
                0.2788814306259155,
                -0.012361355125904083,
                0.960246205329895,
                0.03299333155155182
            ],
            [
                0.0,
                0.0,
                0.0,
                1.0
            ]
        ],
        [
            [
                -0.9562001824378967,
                0.08404037356376648,
                0.28039127588272095,
                0.010394024662673473
            ],
            [
                -0.08380426466464996,
                -0.9963991045951843,
                0.012853915803134441,
                -0.00955875776708126
            ],
            [
                0.2804623246192932,
                -0.011207211762666702,
                0.9597993493080139,
                0.03308001160621643
            ],
            [
                0.0,
                0.0,
                0.0,
                1.0
            ]
        ],
        [
            [
                -0.9560250639915466,
                0.08487534523010254,
                0.2807345390319824,
                0.00902601145207882
            ],
            [
                -0.08420413732528687,
                -0.9963427782058716,
                0.01447540707886219,
                -0.013486518524587154
            ],
            [
                0.2809365391731262,
                -0.0098002003505826,
                0.9596763849258423,
                0.034375716000795364
            ],
            [
                0.0,
                0.0,
                0.0,
                1.0
            ]
        ],
        [
            [
                -0.9554663300514221,
                0.08563722670078278,
                0.28240200877189636,
                0.005496039055287838
            ],
            [
                -0.0847349464893341,
                -0.9962841272354126,
                0.015430808067321777,
                -0.015679286792874336
            ],
            [
                0.2826741933822632,
                -0.00918559730052948,
                0.9591721892356873,
                0.03650164604187012
            ],
            [
                0.0,
                0.0,
                0.0,
                1.0
            ]
        ],
        [
            [
                -0.9554341435432434,
                0.08582552522420883,
                0.2824550271034241,
                0.005317444913089275
            ],
            [
                -0.08477187901735306,
                -0.9962727427482605,
                0.015973137691617012,
                -0.016804298385977745
            ],
            [
                0.28277313709259033,
                -0.008682940155267715,
                0.9591478109359741,
                0.039370786398649216
            ],
            [
                0.0,
                0.0,
                0.0,
                1.0
            ]
        ],
        [
            [
                -0.9555613994598389,
                0.08495772629976273,
                0.2822849154472351,
                0.005784068256616592
            ],
            [
                -0.08400126546621323,
                -0.9963444471359253,
                0.015511694364249706,
                -0.015682611614465714
            ],
            [
                0.2825707495212555,
                -0.00889004860073328,
                0.9592056274414062,
                0.041868820786476135
            ],
            [
                0.0,
                0.0,
                0.0,
                1.0
            ]
        ],
        [
            [
                -0.9555598497390747,
                0.08491375297307968,
                0.28230541944503784,
                0.00623487401753664
            ],
            [
                -0.08390098065137863,
                -0.996350109577179,
                0.015697075054049492,
                -0.015588969923555851
            ],
            [
                0.2826078236103058,
                -0.00868629477918148,
                0.9591962695121765,
                0.04365882650017738
            ],
            [
                0.0,
                0.0,
                0.0,
                1.0
            ]
        ],
        [
            [
                -0.9558730125427246,
                0.08505988866090775,
                0.281197190284729,
                0.00851054210215807
            ],
            [
                -0.08416386693716049,
                -0.9963346123695374,
                0.015285770408809185,
                -0.015258983708918095
            ],
            [
                0.2814667820930481,
                -0.009055362083017826,
                0.9595280885696411,
                0.04194197431206703
            ],
            [
                0.0,
                0.0,
                0.0,
                1.0
            ]
        ],
        [
            [
                -0.9569587111473083,
                0.08217506855726242,
                0.2783479392528534,
                0.015527107752859592
            ],
            [
                -0.08058440685272217,
                -0.9965996146202087,
                0.017172224819660187,
                -0.02145521529018879
            ],
            [
                0.27881261706352234,
                -0.005997512489557266,
                0.9603265523910522,
                0.0363505482673645
            ],
            [
                0.0,
                0.0,
                0.0,
                1.0
            ]
        ],
        [
            [
                -0.9577468037605286,
                0.08020775765180588,
                0.2762046456336975,
                0.02129507064819336
            ],
            [
                -0.07828065007925034,
                -0.9967683553695679,
                0.01801455207169056,
                -0.023900089785456657
            ],
            [
                0.276757150888443,
                -0.004368022084236145,
                0.9609299302101135,
                0.03448100760579109
            ],
            [
                0.0,
                0.0,
                0.0,
                1.0
            ]
        ],
        [
            [
                -0.9589536190032959,
                0.07776591926813126,
                0.27269190549850464,
                0.029256736859679222
            ],
            [
                -0.07604444026947021,
                -0.9969612956047058,
                0.016893362626433372,
                -0.021457701921463013
            ],
            [
                0.2731771469116211,
                -0.0045367092825472355,
                0.9619532823562622,
                0.03316764906048775
            ],
            [
                0.0,
                0.0,
                0.0,
                1.0
            ]
        ],
        [
            [
                -0.957796573638916,
                0.0792665034532547,
                0.2763022184371948,
                0.023317532613873482
            ],
            [
                -0.07813041657209396,
                -0.996828019618988,
                0.015136084519326687,
                -0.014756827615201473
            ],
            [
                0.27662575244903564,
                -0.007090494502335787,
                0.9609513878822327,
                0.04032212495803833
            ],
            [
                0.0,
                0.0,
                0.0,
                1.0
            ]
        ],
        [
            [
                -0.9564398527145386,
                0.0801224336028099,
                0.28071990609169006,
                0.014571944251656532
            ],
            [
                -0.07948830723762512,
                -0.9967427253723145,
                0.013664163649082184,
                -0.009966826066374779
            ],
            [
                0.28090035915374756,
                -0.009244945831596851,
                0.9596917629241943,
                0.04342392086982727
            ],
            [
                0.0,
                0.0,
                0.0,
                1.0
            ]
        ],
        [
            [
                -0.9562179446220398,
                0.08144840598106384,
                0.28109437227249146,
                0.011397717520594597
            ],
            [
                -0.08137106895446777,
                -0.9966121315956116,
                0.011968583799898624,
                -0.0066772522404789925
            ],
            [
                0.28111690282821655,
                -0.011428510770201683,
                0.9596051573753357,
                0.043097563087940216
            ],
            [
                0.0,
                0.0,
                0.0,
                1.0
            ]
        ],
        [
            [
                -0.9558423757553101,
                0.08340621739625931,
                0.2817949056625366,
                0.008903972804546356
            ],
            [
                -0.0828758180141449,
                -0.9964640736579895,
                0.013822449371218681,
                -0.01126230601221323
            ],
            [
                0.28195127844810486,
                -0.010141865350306034,
                0.9593749642372131,
                0.042981233447790146
            ],
            [
                0.0,
                0.0,
                0.0,
                1.0
            ]
        ],
        [
            [
                -0.9559791088104248,
                0.08367278426885605,
                0.2812527120113373,
                0.008409366942942142
            ],
            [
                -0.08291595429182053,
                -0.9964491724967957,
                0.014612496830523014,
                -0.01425359770655632
            ],
            [
                0.2814769446849823,
                -0.009351206012070179,
                0.9595226049423218,
                0.041486479341983795
            ],
            [
                0.0,
                0.0,
                0.0,
                1.0
            ]
        ],
        [
            [
                -0.9550792574882507,
                0.08337797224521637,
                0.28437960147857666,
                0.0015049305511638522
            ],
            [
                -0.08245507627725601,
                -0.9964781403541565,
                0.015236806124448776,
                -0.01694401353597641
            ],
            [
                0.2846486270427704,
                -0.008896109648048878,
                0.958590567111969,
                0.04140157625079155
            ],
            [
                0.0,
                0.0,
                0.0,
                1.0
            ]
        ],
        [
            [
                -0.9548844695091248,
                0.08289659768342972,
                0.28517287969589233,
                -0.0005557682015933096
            ],
            [
                -0.08169404417276382,
                -0.9965265393257141,
                0.016131598502397537,
                -0.01913517341017723
            ],
            [
                0.28551942110061646,
                -0.007893204689025879,
                0.9583401083946228,
                0.04117739573121071
            ],
            [
                0.0,
                0.0,
                0.0,
                1.0
            ]
        ],
        [
            [
                -0.9548417925834656,
                0.08296600729227066,
                0.28529566526412964,
                -0.001096011488698423
            ],
            [
                -0.0816134586930275,
                -0.99652498960495,
                0.01664801500737667,
                -0.02056768350303173
            ],
            [
                0.28568539023399353,
                -0.007387698628008366,
                0.9582950472831726,
                0.039886798709630966
            ],
            [
                0.0,
                0.0,
                0.0,
                1.0
            ]
        ],
        [
            [
                -0.9558008313179016,
                0.08345238119363785,
                0.2819235324859619,
                0.004612847696989775
            ],
            [
                -0.081602543592453,
                -0.9964964985847473,
                0.018317870795726776,
                -0.02385406568646431
            ],
            [
                0.282464861869812,
                -0.005497400648891926,
                0.9592613577842712,
                0.03707072138786316
            ],
            [
                0.0,
                0.0,
                0.0,
                1.0
            ]
        ],
        [
            [
                -0.9562877416610718,
                0.08428890258073807,
                0.2800162136554718,
                0.00359345693141222
            ],
            [
                -0.08295729756355286,
                -0.9964141845703125,
                0.016625775024294853,
                -0.024279853329062462
            ],
            [
                0.2804136276245117,
                -0.007330331485718489,
                0.9598514437675476,
                0.03379756584763527
            ],
            [
                0.0,
                0.0,
                0.0,
                1.0
            ]
        ],
        [
            [
                -0.9600720405578613,
                0.08333171159029007,
                0.26705244183540344,
                0.008302434347569942
            ],
            [
                -0.08260975778102875,
                -0.996484637260437,
                0.013958076015114784,
                -0.02961433120071888
            ],
            [
                0.2672766149044037,
                -0.008660300634801388,
                0.9635810256004333,
                0.036130454391241074
            ],
            [
                0.0,
                0.0,
                0.0,
                1.0
            ]
        ],
        [
            [
                -0.9625437259674072,
                0.08396709710359573,
                0.25779634714126587,
                0.008068792521953583
            ],
            [
                -0.08387793600559235,
                -0.9964107871055603,
                0.011364729143679142,
                -0.0321391262114048
            ],
            [
                0.2578252851963043,
                -0.010684367269277573,
                0.9661322236061096,
                0.04073609039187431
            ],
            [
                0.0,
                0.0,
                0.0,
                1.0
            ]
        ],
        [
            [
                -0.9648751020431519,
                0.08382970839738846,
                0.24897494912147522,
                0.005082215182483196
            ],
            [
                -0.08364533632993698,
                -0.9964308142662048,
                0.011339189484715462,
                -0.03922661766409874
            ],
            [
                0.24903719127178192,
                -0.009884800761938095,
                0.9684430360794067,
                0.04734339937567711
            ],
            [
                0.0,
                0.0,
                0.0,
                1.0
            ]
        ],
        [
            [
                -0.964034914970398,
                0.08728737384080887,
                0.2510329484939575,
                -0.02016397751867771
            ],
            [
                -0.08724238723516464,
                -0.9961227178573608,
                0.011328859254717827,
                -0.04562772437930107
            ],
            [
                0.2510484457015991,
                -0.010979280807077885,
                0.9679117798805237,
                0.05921436846256256
            ],
            [
                0.0,
                0.0,
                0.0,
                1.0
            ]
        ],
        [
            [
                -0.9638052582740784,
                0.0939575657248497,
                0.24950146675109863,
                -0.04818110913038254
            ],
            [
                -0.08912679553031921,
                -0.995548665523529,
                0.030612485483288765,
                -0.08562514930963516
            ],
            [
                0.2512676417827606,
                0.007267026696354151,
                0.9678892493247986,
                0.08142470568418503
            ],
            [
                0.0,
                0.0,
                0.0,
                1.0
            ]
        ],
        [
            [
                -0.9665780663490295,
                0.0987723097205162,
                0.23657968640327454,
                -0.05316368490457535
            ],
            [
                -0.09428909420967102,
                -0.9950844049453735,
                0.030215177685022354,
                -0.0896686464548111
            ],
            [
                0.23840148746967316,
                0.006898242048919201,
                0.9711405038833618,
                0.08858157694339752
            ],
            [
                0.0,
                0.0,
                0.0,
                1.0
            ]
        ],
        [
            [
                -0.9692269563674927,
                0.10755886137485504,
                0.22142544388771057,
                -0.0578182153403759
            ],
            [
                -0.10272028297185898,
                -0.9941519498825073,
                0.033283401280641556,
                -0.09808554500341415
            ],
            [
                0.2237105369567871,
                0.009513973258435726,
                0.9746074080467224,
                0.09773682802915573
            ],
            [
                0.0,
                0.0,
                0.0,
                1.0
            ]
        ],
        [
            [
                -0.9696211218833923,
                0.1219378188252449,
                0.21204836666584015,
                -0.07406549900770187
            ],
            [
                -0.11748278886079788,
                -0.9925068616867065,
                0.03352903202176094,
                -0.10047062486410141
            ],
            [
                0.21454781293869019,
                0.007598212454468012,
                0.9766819477081299,
                0.10465409606695175
            ],
            [
                0.0,
                0.0,
                0.0,
                1.0
            ]
        ],
        [
            [
                -0.9723514914512634,
                0.13409888744354248,
                0.1911766231060028,
                -0.07403428107500076
            ],
            [
                -0.1301673799753189,
                -0.9909397959709167,
                0.033031634986400604,
                -0.10549309849739075
            ],
            [
                0.19387418031692505,
                0.007233340293169022,
                0.9809982180595398,
                0.11071238666772842
            ],
            [
                0.0,
                0.0,
                0.0,
                1.0
            ]
        ],
        [
            [
                -0.9649364948272705,
                0.15322154760360718,
                0.21312347054481506,
                -0.13688847422599792
            ],
            [
                -0.14493928849697113,
                -0.9879602789878845,
                0.05405222997069359,
                -0.1376463621854782
            ],
            [
                0.21883994340896606,
                0.021266765892505646,
                0.9755280613899231,
                0.11959879100322723
            ],
            [
                0.0,
                0.0,
                0.0,
                1.0
            ]
        ],
        [
            [
                -0.9667283296585083,
                0.16092325747013092,
                0.19884926080703735,
                -0.14388957619667053
            ],
            [
                -0.1528937965631485,
                -0.9866971373558044,
                0.05519735813140869,
                -0.14105483889579773
            ],
            [
                0.20508718490600586,
                0.02295803651213646,
                0.9784729480743408,
                0.12790381908416748
            ],
            [
                0.0,
                0.0,
                0.0,
                1.0
            ]
        ],
        [
            [
                -0.9672248363494873,
                0.17624078691005707,
                0.18280166387557983,
                -0.1598057597875595
            ],
            [
                -0.16761749982833862,
                -0.9839159846305847,
                0.06171894073486328,
                -0.15070611238479614
            ],
            [
                0.1907392144203186,
                0.02905537374317646,
                0.9812092185020447,
                0.15693853795528412
            ],
            [
                0.0,
                0.0,
                0.0,
                1.0
            ]
        ],
        [
            [
                -0.9700765609741211,
                0.18553666770458221,
                0.1566174328327179,
                -0.1744433045387268
            ],
            [
                -0.1757066547870636,
                -0.9816136956214905,
                0.07455141097307205,
                -0.17079484462738037
            ],
            [
                0.1675698459148407,
                0.04480159282684326,
                0.9848408102989197,
                0.17801837623119354
            ],
            [
                0.0,
                0.0,
                0.0,
                1.0
            ]
        ],
        [
            [
                -0.9705329537391663,
                0.1946757733821869,
                0.14201149344444275,
                -0.18524150550365448
            ],
            [
                -0.18702156841754913,
                -0.980165421962738,
                0.0655173808336258,
                -0.16271907091140747
            ],
            [
                0.1519497036933899,
                0.03702724725008011,
                0.9876924157142639,
                0.18205007910728455
            ],
            [
                0.0,
                0.0,
                0.0,
                1.0
            ]
        ],
        [
            [
                -0.9639579653739929,
                0.19974160194396973,
                0.17576326429843903,
                -0.2550390362739563
            ],
            [
                -0.1883489340543747,
                -0.9788802862167358,
                0.07944542914628983,
                -0.1838112622499466
            ],
            [
