{
    "trj_id": [
        0,
        46,
        51,
        56,
        61,
        69,
        144,
        193,
        194,
        197
    ],
    "trj_est": [
        [
            [
                -0.9585129518749981,
                0.0807944605545034,
                0.2733590610014328,
                0.01051038637198394
            ],
            [
                -0.08468365944949716,
                -0.9964049051869538,
                -0.0024377739067156096,
                0.03641651331988294
            ],
            [
                0.2721793506313804,
                -0.02548568349260948,
                0.9619089775164773,
                0.05674575557210698
            ],
            [
                0.0,
                0.0,
                0.0,
                1.0
            ]
        ],
        [
            [
                -0.9605530968049782,
                0.09175536156282886,
                0.262516570192583,
                -0.035233813361423345
            ],
            [
                -0.08548553826974167,
                -0.9957144900593429,
                0.03522712453098758,
                -0.075040992211082
            ],
            [
                0.2646264101222431,
                0.011396303540796801,
                0.9642805603199447,
                0.049013743205479736
            ],
            [
                0.0,
                0.0,
                0.0,
                1.0
            ]
        ],
        [
            [
                -0.9554910272177662,
                0.14287269140365239,
                0.25812055568262976,
                -0.1741729136902995
            ],
            [
                -0.1315862962030595,
                -0.9894488273289853,
                0.06057390975938094,
                -0.13641414365842888
            ],
            [
                0.264051619885479,
                0.023912387539743608,
                0.9642085600739779,
                0.11013896528122208
            ],
            [
                0.0,
                0.0,
                0.0,
                1.0
            ]
        ],
        [
            [
                -0.9346218009493609,
                0.1910488149690954,
                0.2999863503133791,
                -0.40436457044720076
            ],
            [
                -0.16267233254284397,
                -0.9796975975911636,
                0.11713103670583173,
                -0.22619115449528873
            ],
            [
                0.31627365217419806,
                0.06067379406681895,
                0.9467213375816659,
                0.2553792704963161
            ],
            [
                0.0,
                0.0,
                0.0,
                1.0
            ]
        ],
        [
            [
                -0.940522296631645,
                0.18736056441375817,
                0.28341446502809975,
                -0.4719884489275264
            ],
            [
                -0.15771961333951368,
                -0.9796280388415202,
                0.12424124355322426,
                -0.2543614172758884
            ],
            [
                0.3009189011993265,
                0.07215229942673211,
                0.9509094893329431,
                0.2974008059134374
            ],
            [
                0.0,
                0.0,
                0.0,
                1.0
            ]
        ],
        [
            [
                -0.9413099614742012,
                0.18801317551324498,
                0.2803393564742497,
                -0.4215670711929637
            ],
            [
                -0.15404388654399961,
                -0.9782464509310856,
                0.13886403311040663,
                -0.2330328078973732
            ],
            [
                0.3003488155162566,
                0.0875281068089812,
                0.9497995124838925,
                0.2841884044001518
            ],
            [
                0.0,
                0.0,
                0.0,
                1.0
            ]
        ],
        [
            [
                -0.9418863081250803,
                0.17344797037352613,
                0.28770981401639945,
                -0.3880218487545638
            ],
            [
                -0.13696580465471794,
                -0.980249885572556,
                0.14259608328327514,
                -0.2495854483354632
            ],
            [
                0.3067586281077922,
                0.0949005059682647,
                0.9470426599065139,
                0.28202795327028707
            ],
            [
                0.0,
                0.0,
                0.0,
                1.0
            ]
        ],
        [
            [
                -0.9366276340228835,
                0.19878991608668645,
                0.2884856503554646,
                -0.4223850761244391
            ],
            [
                -0.16044329688766304,
                -0.9753805429922634,
                0.15124245533222347,
                -0.22977175632778213
            ],
            [
                0.3114469766038057,
                0.0953698159460393,
                0.9454638677342213,
                0.3176471724122164
            ],
            [
                0.0,
                0.0,
                0.0,
                1.0
            ]
        ],
        [
            [
                -0.9409829005108362,
                0.2019197390166177,
                0.2716449155184866,
                -0.4192963106904153
            ],
            [
                -0.1655039023051498,
                -0.9745519001269677,
                0.1511371730531525,
                -0.23491843366660248
            ],
            [
                0.29524815177641983,
                0.09725698407819015,
                0.950455910053894,
                0.3243758340300024
            ],
            [
                0.0,
                0.0,
                0.0,
                1.0
            ]
        ],
        [
            [
                -0.9429016357910455,
                0.20660568889271266,
                0.26126988823449837,
                -0.45803037283878156
            ],
            [
                -0.17239681128056808,
                -0.9738430210685534,
                0.14796701946201457,
                -0.25387875499700424
            ],
            [
                0.2850052131955067,
                0.0944740205799172,
                0.9538570022128834,
                0.3425574933247624
            ],
            [
                0.0,
                0.0,
                0.0,
                1.0
            ]
        ]
    ],
    "trj_gt": [
        [
            [
                -0.9585129518749981,
                0.0807944605545034,
                0.2733590610014328,
                0.01051038637198394
            ],
            [
                -0.08468365944949716,
                -0.9964049051869538,
                -0.0024377739067156096,
                0.03641651331988294
            ],
            [
                0.2721793506313804,
                -0.02548568349260948,
                0.9619089775164773,
                0.05674575557210698
            ],
            [
                0.0,
                0.0,
                0.0,
                1.0
            ]
        ],
        [
            [
                -0.9322591938751725,
                0.0886259743718333,
                0.3507680602646961,
                0.012854492253308761
            ],
            [
                -0.07855063827617202,
                -0.9959875166843689,
                0.0428796436005612,
                0.03806168455180238
            ],
            [
                0.35316085947004416,
                0.01242188695602723,
                0.9354801462686589,
                0.05790705431427535
            ],
            [
                0.0,
                0.0,
                0.0,
                1.0
            ]
        ],
        [
            [
                -0.8907162076032386,
                0.09172351496074108,
                0.4452094274789684,
                0.015332284024552103
            ],
            [
                -0.05397723679985231,
                -0.9938426161243618,
                0.09676420971897233,
                0.038848019439859174
            ],
            [
                0.45134365556674966,
                0.062158275220048534,
                0.8901827078759236,
                0.0579445362959965
            ],
            [
                0.0,
                0.0,
                0.0,
                1.0
            ]
        ],
        [
            [
                -0.8593007300215656,
                0.09505029206600696,
                0.5025611379350492,
                0.01882315298723347
            ],
            [
                -0.07528988618428047,
                -0.995383461370907,
                0.059524766842300264,
                0.04018679912127368
            ],
            [
                0.5058988915018128,
                0.013311904726179763,
                0.8624900606788453,
                0.05789116640175439
            ],
            [
                0.0,
                0.0,
                0.0,
                1.0
            ]
        ],
        [
            [
                -0.8490166643543682,
                0.09035609967819992,
                0.5205828261665244,
                0.020158898030349516
            ],
            [
                -0.08354805358797603,
                -0.9958319244234821,
                0.03658553048249423,
                0.04024020466323055
            ],
            [
                0.5217187234422809,
                -0.012431956803658484,
                0.8530269749895304,
                0.05759881251752222
            ],
            [
                0.0,
                0.0,
                0.0,
                1.0
            ]
        ],
        [
            [
                -0.8671187117827533,
                0.07317279829782701,
                0.49269755557084366,
                0.019233059356144167
            ],
            [
                -0.06217795139928873,
                -0.9973150300974949,
                0.038686342569712026,
                0.039817405966116784
            ],
            [
                0.4942054654048321,
                0.0029107268678027045,
                0.8693402588360292,
                0.058940998928271135
            ],
            [
                0.0,
                0.0,
                0.0,
                1.0
            ]
        ],
        [
            [
                -0.8706229461826536,
                0.07289800644775649,
                0.4865198518418127,
                0.0191683907821623
            ],
            [
                -0.05922191544368877,
                -0.9972986184926584,
                0.04345377180194895,
                0.04017741124092276
            ],
            [
                0.48837326944809045,
                0.009019213301509685,
                0.8725882210298308,
                0.0596102109568858
            ],
            [
                0.0,
                0.0,
                0.0,
                1.0
            ]
        ],
        [
            [
                -0.8571682806500949,
                0.06752915649421294,
                0.5105901993483046,
                0.02062372283490891
            ],
            [
                -0.05722756648221236,
                -0.9977161164347261,
                0.03588253949949791,
                0.040520050967044315
            ],
            [
                0.5118471884086943,
                0.0015375401097725589,
                0.8590751373940032,
                0.059808266193280585
            ],
            [
                0.0,
                0.0,
                0.0,
                1.0
            ]
        ],
        [
            [
                -0.8509702603547835,
                0.07094256519667774,
                0.520400584583672,
                0.021201566833565038
            ],
            [
                -0.06253277366705663,
                -0.9974729938578649,
                0.033723563597771615,
                0.04083288976160896
            ],
            [
                0.5214779652192574,
                -0.0038443422770879005,
                0.8532560886528964,
                0.05970159669047634
            ],
            [
                0.0,
                0.0,
                0.0,
                1.0
            ]
        ],
        [
            [
                -0.838244800747284,
                0.07804648947499175,
                0.5396799046664391,
                0.021830762569435586
            ],
            [
                -0.06922277995187272,
                -0.9969276502427927,
                0.036653334324719476,
                0.04110074571144402
            ],
            [
                0.5408824833139649,
                -0.006633676357424487,
                0.8410720145041704,
                0.05908442183094463
            ],
            [
                0.0,
                0.0,
                0.0,
                1.0
            ]
        ]
    ]
}