{
    "trj_id": [
        1,
        2,
        3,
        4,
        5,
        6,
        7,
        8,
        9,
        10,
        11,
        12,
        13,
        14,
        15,
        16,
        17,
        18,
        19,
        20,
        21,
        22,
        23,
        24,
        25,
        26,
        27,
        28,
        29,
        30,
        31,
        32,
        33,
        34,
        35,
        36,
        37,
        38,
        39,
        40,
        41,
        42,
        43,
        44,
        45,
        46,
        47,
        48,
        49,
        50,
        51,
        52,
        53,
        54,
        55,
        56,
        57,
        58,
        59,
        60,
        61,
        62,
        63,
        64,
        65,
        66,
        67,
        68,
        69,
        70,
        71,
        72,
        73,
        74,
        75,
        76,
        77,
        78,
        79,
        80,
        81,
        82,
        83,
        84,
        85,
        86,
        87,
        88,
        89,
        90,
        91,
        92,
        93,
        94,
        95,
        96,
        97,
        98,
        99,
        100,
        101,
        102,
        103,
        104,
        105,
        106,
        107,
        108,
        109,
        110,
        111,
        112,
        113,
        114,
        115,
        116,
        117,
        118,
        119,
        120,
        121,
        122,
        123,
        124,
        125,
        126,
        127,
        128,
        129,
        130,
        131,
        132,
        133,
        134,
        135,
        136,
        137,
        138,
        139,
        140,
        141,
        142,
        143,
        144,
        145,
        146,
        147,
        148,
        149,
        150,
        151,
        152,
        153,
        154,
        155,
        156,
        157,
        158,
        159,
        160,
        161,
        162,
        163,
        164,
        165,
        166,
        167,
        168,
        169,
        170,
        171,
        172,
        173,
        174,
        175,
        176,
        177,
        178,
        179,
        180,
        181,
        182,
        183,
        184,
        185,
        186,
        187,
        188,
        189,
        190,
        191,
        192,
        193,
        194,
        195,
        196,
        197
    ],
    "trj_est": [
        [
            [
                -0.9581443667411804,
                0.08112875372171402,
                0.2745499014854431,
                0.010364124551415443
            ],
            [
                -0.08477780222892761,
                -0.9963987469673157,
                -0.0014306502416729927,
                0.03628271073102951
            ],
            [
                0.2734452486038208,
                -0.02464655414223671,
                0.9615718126296997,
                0.05686649680137634
            ],
            [
                0.0,
                0.0,
                0.0,
                1.0
            ]
        ],
        [
            [
                -0.957618236541748,
                0.08202052116394043,
                0.27611613273620605,
                0.01137450709939003
            ],
            [
                -0.08529927581548691,
                -0.9963551759719849,
                0.0001354512496618554,
                0.035708554089069366
            ],
            [
                0.2751210331916809,
                -0.02342277765274048,
                0.9611244797706604,
                0.05691642314195633
            ],
            [
                0.0,
                0.0,
                0.0,
                1.0
            ]
        ],
        [
            [
                -0.957119882106781,
                0.0820363387465477,
                0.2778345048427582,
                0.011983520351350307
            ],
            [
                -0.08508633822202682,
                -0.996372640132904,
                0.0010837918380275369,
                0.03628037869930267
            ],
            [
                0.276915967464447,
                -0.02260245382785797,
                0.9606277942657471,
                0.056135520339012146
            ],
            [
                0.0,
                0.0,
                0.0,
                1.0
            ]
        ],
        [
            [
                -0.9565591216087341,
                0.0826650857925415,
                0.279573529958725,
                0.012927495874464512
            ],
            [
                -0.08568679541349411,
                -0.996321439743042,
                0.0014179599238559604,
                0.03649650886654854
            ],
            [
                0.2786622643470764,
                -0.022599371150135994,
                0.9601236581802368,
                0.054773520678281784
            ],
            [
                0.0,
                0.0,
                0.0,
                1.0
            ]
        ],
        [
            [
                -0.9564797878265381,
                0.08214461803436279,
                0.2799988090991974,
                0.013421428389847279
            ],
            [
                -0.08509133756160736,
                -0.9963721036911011,
                0.0016369115328416228,
                0.036433883011341095
            ],
            [
                0.27911752462387085,
                -0.0222596637904644,
                0.9599992632865906,
                0.05289031192660332
            ],
            [
                0.0,
                0.0,
                0.0,
                1.0
            ]
        ],
        [
            [
                -0.9564821124076843,
                0.08073273301124573,
                0.2803992033004761,
                0.015128985047340393
            ],
            [
                -0.08391073346138,
                -0.996472954750061,
                0.0006736982031725347,
                0.03649424389004707
            ],
            [
                0.2794644832611084,
                -0.022884219884872437,
                0.9598833918571472,
                0.04878133535385132
            ],
            [
                0.0,
                0.0,
                0.0,
                1.0
            ]
        ],
        [
            [
                -0.956824779510498,
                0.0781061127781868,
                0.2799760699272156,
                0.017538707703351974
            ],
            [
                -0.08148379623889923,
                -0.9966742992401123,
                -0.0004264495801180601,
                0.036635804921388626
            ],
            [
                0.27901148796081543,
                -0.023221489042043686,
                0.9600073099136353,
                0.04520391672849655
            ],
            [
                0.0,
                0.0,
                0.0,
                1.0
            ]
        ],
        [
            [
                -0.9567004442214966,
                0.07724837213754654,
                0.28063836693763733,
                0.017010658979415894
            ],
            [
                -0.08060958981513977,
                -0.9967455863952637,
                -0.0004348707152530551,
                0.036885034292936325
            ],
            [
                0.27969151735305786,
                -0.0230382289737463,
                0.9598134160041809,
                0.046746112406253815
            ],
            [
                0.0,
                0.0,
                0.0,
                1.0
            ]
        ],
        [
            [
                -0.9563121795654297,
                0.07765016704797745,
                0.2818470597267151,
                0.015263667330145836
            ],
            [
                -0.08098781853914261,
                -0.9967150092124939,
                -0.00019322744628880173,
                0.03752503916621208
            ],
            [
                0.2809063494205475,
                -0.023011023178696632,
                0.9594590663909912,
                0.05115007609128952
            ],
            [
                0.0,
                0.0,
                0.0,
                1.0
            ]
        ],
        [
            [
                -0.9561155438423157,
                0.07755865901708603,
                0.28253787755966187,
                0.013087322935461998
            ],
            [
                -0.08092615008354187,
                -0.9967197179794312,
                -0.00024924776516854763,
                0.03779686242341995
            ],
            [
                0.28159192204475403,
                -0.023103080689907074,
                0.9592560529708862,
                0.05235034599900246
            ],
            [
                0.0,
                0.0,
                0.0,
                1.0
            ]
        ],
        [
            [
                -0.9562406539916992,
                0.077657550573349,
                0.28208696842193604,
                0.012253074906766415
            ],
            [
                -0.08081744611263275,
                -0.9967288374900818,
                0.0004342850297689438,
                0.03695550188422203
            ],
            [
                0.28119802474975586,
                -0.022382205352187157,
                0.9593890309333801,
                0.050225768238306046
            ],
            [
                0.0,
                0.0,
                0.0,
                1.0
            ]
        ],
        [
            [
                -0.9562278985977173,
                0.07833798229694366,
                0.28194454312324524,
                0.012471008114516735
            ],
            [
                -0.08192253857851028,
                -0.9966386556625366,
                -0.0009282480459660292,
                0.0364808514714241
            ],
            [
                0.2809240221977234,
                -0.023985320702195168,
                0.9594300985336304,
                0.04599170386791229
            ],
            [
                0.0,
                0.0,
                0.0,
                1.0
            ]
        ],
        [
            [
                -0.9564771056175232,
                0.07828113436698914,
                0.28111210465431213,
                0.012812926433980465
            ],
            [
                -0.08199551701545715,
                -0.9966318011283875,
                -0.0014559340197592974,
                0.03499137982726097
            ],
            [
                0.28005123138427734,
                -0.02444254234433174,
                0.9596739411354065,
                0.042546842247247696
            ],
            [
                0.0,
                0.0,
                0.0,
                1.0
            ]
        ],
        [
            [
                -0.956230640411377,
                0.07798237353563309,
                0.28203263878822327,
                0.010178742930293083
            ],
            [
                -0.08177101612091064,
                -0.9966495633125305,
                -0.0016693398356437683,
                0.0330212377011776
            ],
            [
                0.2809576988220215,
                -0.024658359587192535,
                0.9594037532806396,
                0.04091423749923706
            ],
            [
                0.0,
                0.0,
                0.0,
                1.0
            ]
        ],
        [
            [
                -0.9557019472122192,
                0.07773281633853912,
                0.2838870882987976,
                0.005112441722303629
            ],
            [
                -0.08129902929067612,
                -0.9966893196105957,
                -0.0007827882654964924,
                0.029229357838630676
            ],
            [
                0.28288665413856506,
                -0.02382798306643963,
                0.9588574171066284,
                0.04119263216853142
            ],
            [
                0.0,
                0.0,
                0.0,
                1.0
            ]
        ],
        [
            [
                -0.9555633068084717,
                0.07784383744001389,
                0.28432130813598633,
                0.003270212095230818
            ],
            [
                -0.08126036822795868,
                -0.9966928362846375,
                -0.0002220690221292898,
                0.026976238936185837
            ],
            [
                0.28336378931999207,
                -0.023316415026783943,
                0.9587291479110718,
                0.04091254621744156
            ],
            [
                0.0,
                0.0,
                0.0,
                1.0
            ]
        ],
        [
            [
                -0.955574095249176,
                0.07801324129104614,
                0.2842395603656769,
                0.0023033523466438055
            ],
            [
                -0.08123534172773361,
                -0.9966950416564941,
                0.0004539943765848875,
                0.024231933057308197
            ],
            [
                0.28333550691604614,
                -0.022656505927443504,
                0.9587529301643372,
                0.03937587887048721
            ],
            [
                0.0,
                0.0,
                0.0,
                1.0
            ]
        ],
        [
            [
                -0.9556739926338196,
                0.07822660356760025,
                0.28384432196617126,
                0.002717604860663414
            ],
            [
                -0.08096756041049957,
                -0.9967142343521118,
                0.0020829690620303154,
                0.019941648468375206
            ],
            [
                0.28307461738586426,
                -0.02099158801138401,
                0.9588676691055298,
                0.03790651261806488
            ],
            [
                0.0,
                0.0,
                0.0,
                1.0
            ]
        ],
        [
            [
                -0.955988883972168,
                0.07944336533546448,
                0.2824428677558899,
                0.005285874009132385
            ],
            [
                -0.08123383671045303,
                -0.9966805577278137,
                0.005385339725762606,
                0.012367429211735725
            ],
            [
                0.28193333745002747,
                -0.017795633524656296,
                0.9592689275741577,
                0.037460148334503174
            ],
            [
                0.0,
                0.0,
                0.0,
                1.0
            ]
        ],
        [
            [
                -0.956081748008728,
                0.0804455578327179,
                0.2818433940410614,
                0.0067853135988116264
            ],
            [
                -0.08180274069309235,
                -0.9966244101524353,
                0.006968213245272636,
                0.00753823621198535
            ],
            [
                0.28145235776901245,
                -0.016393553465604782,
                0.9594348073005676,
                0.037377823144197464
            ],
            [
                0.0,
                0.0,
                0.0,
                1.0
            ]
        ],
        [
            [
                -0.9562841653823853,
                0.08056475222110748,
                0.28112393617630005,
                0.009500964544713497
            ],
            [
                -0.08199667930603027,
                -0.9966098070144653,
                0.006685818545520306,
                0.006050435826182365
            ],
            [
                0.280709832906723,
                -0.016657598316669464,
                0.9596483707427979,
                0.036558233201503754
            ],
            [
                0.0,
                0.0,
                0.0,
                1.0
            ]
        ],
        [
            [
                -0.9562881588935852,
                0.08037592470645905,
                0.28116482496261597,
                0.009906264953315258
            ],
            [
                -0.08197333663702011,
                -0.9966159462928772,
                0.006095480173826218,
                0.005798528902232647
            ],
            [
                0.28070348501205444,
                -0.01721896417438984,
                0.9596401453018188,
                0.034735772758722305
            ],
            [
                0.0,
                0.0,
                0.0,
                1.0
            ]
        ],
        [
            [
                -0.9561154842376709,
                0.08072356879711151,
                0.281650573015213,
                0.008843271993100643
            ],
            [
                -0.08201298862695694,
                -0.996604859828949,
                0.007227150723338127,
                0.002643759362399578
            ],
            [
                0.28127798438072205,
                -0.016189102083444595,
                0.9594897627830505,
                0.03460991382598877
            ],
            [
                0.0,
                0.0,
                0.0,
                1.0
            ]
        ],
        [
            [
                -0.9559046626091003,
                0.0814426988363266,
                0.28215816617012024,
                0.0074188061989843845
            ],
            [
                -0.0820297971367836,
                -0.9965822100639343,
                0.009752483107149601,
                -0.0023709197994321585
            ],
            [
                0.28198814392089844,
                -0.013822915032505989,
                0.9593180418014526,
                0.03659994900226593
            ],
            [
                0.0,
                0.0,
                0.0,
                1.0
            ]
        ],
        [
            [
                -0.9558417797088623,
                0.08166113495826721,
                0.28230854868888855,
                0.0071439361199736595
            ],
            [
                -0.08175869286060333,
                -0.9965866208076477,
                0.011455067433416843,
                -0.005485033616423607
            ],
            [
                0.28227996826171875,
                -0.012131951749324799,
                0.9592552185058594,
                0.039637982845306396
            ],
            [
                0.0,
                0.0,
                0.0,
                1.0
            ]
        ],
        [
            [
                -0.9558707475662231,
                0.08174313604831696,
                0.2821868658065796,
                0.007131802849471569
            ],
            [
                -0.08151081949472427,
                -0.9965927600860596,
                0.012583162635564804,
                -0.007505933754146099
            ],
            [
                0.2822538912296295,
                -0.010973451659083366,
                0.9592771530151367,
                0.04238623380661011
            ],
            [
                0.0,
                0.0,
                0.0,
                1.0
            ]
        ],
        [
            [
                -0.9560030102729797,
                0.08151479810476303,
                0.28180503845214844,
                0.008016020990908146
            ],
            [
                -0.08141172677278519,
                -0.9966073036193848,
                0.012094828300178051,
                -0.006407660897821188
            ],
            [
                0.28183457255363464,
                -0.011379474774003029,
                0.9593959450721741,
                0.044706668704748154
            ],
            [
                0.0,
                0.0,
                0.0,
                1.0
            ]
        ],
        [
            [
                -0.9559181928634644,
                0.08137989044189453,
                0.28213027119636536,
                0.007730272598564625
            ],
            [
                -0.08123452961444855,
                -0.9966198801994324,
                0.0122328856959939,
                -0.006211866624653339
            ],
            [
                0.2821720540523529,
                -0.011224950663745403,
                0.9592979550361633,
                0.04561549425125122
            ],
            [
                0.0,
                0.0,
                0.0,
                1.0
            ]
        ],
        [
            [
                -0.9558379054069519,
                0.08190681040287018,
                0.2822495698928833,
                0.007849051617085934
            ],
            [
                -0.08184675127267838,
                -0.9965721368789673,
                0.01202419400215149,
                -0.006566302385181189
            ],
            [
                0.28226712346076965,
                -0.011608065105974674,
                0.9592657089233398,
                0.045037273317575455
            ],
            [
                0.0,
                0.0,
                0.0,
                1.0
            ]
        ],
        [
            [
                -0.956539511680603,
                0.07903899997472763,
                0.28068819642066956,
                0.012390484102070332
            ],
            [
                -0.07906651496887207,
                -0.9968060851097107,
                0.011245115660130978,
                -0.008047160692512989
            ],
            [
                0.28068074584007263,
                -0.011436721310019493,
                0.9597333669662476,
                0.04138096421957016
            ],
            [
                0.0,
                0.0,
                0.0,
                1.0
            ]
        ],
        [
            [
                -0.9572470188140869,
                0.07607898861169815,
                0.2790876030921936,
                0.017129963263869286
            ],
            [
                -0.07614682614803314,
                -0.9970402717590332,
                0.010615336708724499,
                -0.0078577920794487
            ],
            [
                0.2790690064430237,
                -0.01109000388532877,
                0.960206925868988,
                0.038663312792778015
            ],
            [
                0.0,
                0.0,
                0.0,
                1.0
            ]
        ],
        [
            [
                -0.957909107208252,
                0.07330764830112457,
                0.2775576114654541,
                0.020846879109740257
            ],
            [
                -0.07396192848682404,
                -0.997227668762207,
                0.008127574808895588,
                -0.0037680743262171745
            ],
            [
                0.27738431096076965,
                -0.01274318527430296,
                0.9606748223304749,
                0.036494381725788116
            ],
            [
                0.0,
                0.0,
                0.0,
                1.0
            ]
        ],
        [
            [
                -0.9573813676834106,
                0.07503781467676163,
                0.278909295797348,
                0.017984261736273766
            ],
            [
                -0.07594228535890579,
                -0.997083842754364,
                0.007577158510684967,
                0.0007594199269078672
            ],
            [
                0.2786642611026764,
                -0.01392681896686554,
                0.9602876305580139,
                0.04050349444150925
            ],
            [
                0.0,
                0.0,
                0.0,
                1.0
            ]
        ],
        [
            [
                -0.9564005732536316,
                0.07626973092556,
                0.2819232642650604,
                0.012195628136396408
            ],
            [
                -0.07785774767398834,
                -0.9969485998153687,
                0.005582620855420828,
                0.005774519871920347
            ],
            [
                0.281488835811615,
                -0.016610633581876755,
                0.9594205021858215,
                0.04307306557893753
            ],
            [
                0.0,
                0.0,
                0.0,
                1.0
            ]
        ],
        [
            [
                -0.9560227990150452,
                0.07875187695026398,
                0.28252044320106506,
                0.008915495127439499
            ],
            [
                -0.08031214028596878,
                -0.9967507123947144,
                0.006073714699596167,
                0.0054432982578873634
            ],
            [
                0.28208088874816895,
                -0.0168831218034029,
                0.9592418074607849,
                0.04288149252533913
            ],
            [
                0.0,
                0.0,
                0.0,
                1.0
            ]
        ],
        [
            [
                -0.9559075832366943,
                0.08070488274097443,
                0.28236156702041626,
                0.008308863267302513
            ],
            [
                -0.08132617175579071,
                -0.996641993522644,
                0.009539435617625713,
                -0.0013836664147675037
            ],
            [
                0.28218334913253784,
                -0.01384446956217289,
                0.9592605829238892,
                0.04393499717116356
            ],
            [
                0.0,
                0.0,
                0.0,
                1.0
            ]
        ],
        [
            [
                -0.9557411074638367,
                0.08131416887044907,
                0.28275027871131897,
                0.006820866372436285
            ],
            [
                -0.0815323144197464,
                -0.9966100454330444,
                0.011016576550900936,
                -0.0053343637846410275
            ],
            [
                0.28268757462501526,
                -0.012524244375526905,
                0.9591304063796997,
                0.04448115825653076
            ],
            [
                0.0,
                0.0,
                0.0,
                1.0
            ]
        ],
        [
            [
                -0.9553787112236023,
                0.08077289164066315,
                0.28412553668022156,
                0.0035509599838405848
            ],
            [
                -0.08054573088884354,
                -0.996672511100769,
                0.012503227218985558,
                -0.008921698667109013
            ],
            [
                0.2841895520687103,
                -0.010939836502075195,
                0.9587060809135437,
                0.04500075802206993
            ],
            [
                0.0,
                0.0,
                0.0,
                1.0
            ]
        ],
        [
            [
                -0.9551569819450378,
                0.08045575022697449,
                0.28495973348617554,
                0.0016830298118293285
            ],
            [
                -0.08013512939214706,
                -0.9967020153999329,
                0.012804736383259296,
                -0.010190248489379883
            ],
            [
                0.2850498855113983,
                -0.010604668408632278,
                0.9584543108940125,
                0.04494238644838333
            ],
            [
                0.0,
                0.0,
                0.0,
                1.0
            ]
        ],
        [
            [
                -0.9553036093711853,
                0.08031202107667923,
                0.2845093309879303,
                0.0021836631931364536
            ],
            [
                -0.08003544062376022,
                -0.996712327003479,
                0.012617676518857479,
                -0.010383504442870617
            ],
            [
                0.2845873534679413,
                -0.010717070661485195,
                0.958590030670166,
                0.04364481568336487
            ],
            [
                0.0,
                0.0,
                0.0,
                1.0
            ]
        ],
        [
            [
                -0.955704927444458,
                0.0801800787448883,
                0.28319457173347473,
                0.0041658044792711735
            ],
            [
                -0.07980731874704361,
                -0.9967268705368042,
                0.01287238858640194,
                -0.011001214385032654
            ],
            [
                0.2832997143268585,
                -0.010298877954483032,
                0.9589762091636658,
                0.04164375737309456
            ],
            [
                0.0,
                0.0,
                0.0,
                1.0
            ]
        ],
        [
            [
                -0.9562491178512573,
                0.08065987378358841,
                0.2812155783176422,
                0.002980159828439355
            ],
            [
                -0.08080729097127914,
                -0.9966683983802795,
                0.011092782951891422,
                -0.01117253303527832
            ],
            [
                0.2811731994152069,
                -0.012116768397390842,
                0.9595810770988464,
                0.03741791844367981
            ],
            [
                0.0,
                0.0,
                0.0,
                1.0
            ]
        ],
        [
            [
                -0.96042400598526,
                0.08002588152885437,
                0.2667999565601349,
                0.010234229266643524
            ],
            [
                -0.0786198154091835,
                -0.9967771768569946,
                0.015966642647981644,
                -0.029736025258898735
            ],
            [
                0.2672182023525238,
                -0.005640900693833828,
                0.963619589805603,
                0.04290187358856201
            ],
            [
                0.0,
                0.0,
                0.0,
                1.0
            ]
        ],
        [
            [
                -0.9625428915023804,
                0.08077102899551392,
                0.25881946086883545,
                0.007627252954989672
            ],
            [
                -0.07977861166000366,
                -0.9967089891433716,
                0.014354264363646507,
                -0.03477804735302925
            ],
            [
                0.25912776589393616,
                -0.006831638980656862,
                0.9658185243606567,
                0.04939959943294525
            ],
            [
                0.0,
                0.0,
                0.0,
                1.0
            ]
        ],
        [
            [
                -0.9646918773651123,
                0.08247637748718262,
                0.25013360381126404,
                0.004091634415090084
            ],
            [
                -0.08113700151443481,
                -0.9965795278549194,
                0.015681736171245575,
                -0.045338597148656845
            ],
            [
                0.25057196617126465,
                -0.005167101975530386,
                0.9680837988853455,
                0.06011763587594032
            ],
            [
                0.0,
                0.0,
                0.0,
                1.0
            ]
        ],
        [
            [
                -0.9665913581848145,
                0.08374466001987457,
                0.24225586652755737,
                -0.004155205097049475
            ],
            [
                -0.08214890211820602,
                -0.9964799880981445,
                0.016701702028512955,
                -0.054421376436948776
            ],
            [
                0.24280254542827606,
                -0.0037571601569652557,
                0.9700682759284973,
                0.07045064866542816
            ],
            [
                0.0,
                0.0,
                0.0,
                1.0
            ]
        ],
        [
            [
                -0.9701627492904663,
                0.08637401461601257,
                0.22654561698436737,
                -0.011076959781348705
            ],
            [
                -0.08414846658706665,
                -0.9962621331214905,
                0.019483692944049835,
                -0.0683736503124237
            ],
            [
                0.2273828238248825,
                -0.0001612067426322028,
                0.97380530834198,
                0.08648502081632614
            ],
            [
                0.0,
                0.0,
                0.0,
                1.0
            ]
        ],
        [
            [
                -0.9668936133384705,
                0.0988660454750061,
                0.23524437844753265,
                -0.04898775368928909
            ],
            [
                -0.09401638060808182,
                -0.9950630068778992,
                0.031770624220371246,
                -0.09152813255786896
            ],
            [
                0.23722530901432037,
                0.00860158447176218,
                0.9714154005050659,
                0.09602721780538559
            ],
            [
                0.0,
                0.0,
                0.0,
                1.0
            ]
        ],
        [
            [
                -0.9687249660491943,
                0.10756076127290726,
                0.22360801696777344,
                -0.058989934623241425
            ],
            [
                -0.10330521315336227,
                -0.9941750764846802,
                0.03067762963473797,
                -0.09213227778673172
            ],
            [
                0.22560687363147736,
                0.006617984268814325,
                0.9741944074630737,
                0.1045173779129982
            ],
            [
                0.0,
                0.0,
                0.0,
                1.0
            ]
        ],
        [
            [
                -0.9694956541061401,
                0.1212412491440773,
                0.21301835775375366,
                -0.07400906831026077
            ],
            [
                -0.11754826456308365,
                -0.9926134347915649,
                0.029963988810777664,
                -0.09542900323867798
            ],
            [
                0.21507897973060608,
                0.004009476397186518,
                0.9765871167182922,
                0.11286182701587677
            ],
            [
                0.0,
                0.0,
                0.0,
                1.0
            ]
        ],
        [
            [
                -0.9707839488983154,
                0.13657742738723755,
                0.19728679955005646,
                -0.08080399036407471
            ],
            [
                -0.1325397491455078,
                -0.990606427192688,
                0.03358883038163185,
                -0.10293849557638168
            ],
            [
                0.20002271234989166,
                0.006458481308072805,
                0.9797680974006653,
                0.11077920347452164
            ],
            [
                0.0,
                0.0,
                0.0,
                1.0
            ]
        ],
        [
            [
                -0.9720975756645203,
                0.14821064472198486,
                0.18181590735912323,
                -0.08743777126073837
            ],
            [
                -0.14364288747310638,
                -0.988893449306488,
                0.03810994699597359,
                -0.11359643191099167
            ],
            [
                0.1854463815689087,
                0.010929432697594166,
                0.9825908541679382,
                0.12142743915319443
            ],
            [
                0.0,
                0.0,
                0.0,
                1.0
            ]
        ],
        [
            [
                -0.9653404355049133,
                0.16189539432525635,
                0.20471137762069702,
                -0.14386910200119019
            ],
            [
                -0.15272267162799835,
                -0.9864469766616821,
                0.0599457286298275,
                -0.14611606299877167
            ],
            [
                0.2116437554359436,
                0.026603711768984795,
                0.976982831954956,
                0.14287517964839935
            ],
            [
                0.0,
                0.0,
                0.0,
                1.0
            ]
        ],
        [
            [
                -0.9659180641174316,
                0.17654050886631012,
                0.18930375576019287,
                -0.16733649373054504
            ],
            [
                -0.1687384992837906,
                -0.9840268492698669,
                0.05669510364532471,
                -0.14211945235729218
            ],
            [
                0.19629067182540894,
                0.02281961962580681,
                0.9802784323692322,
                0.16120827198028564
            ],
            [
                0.0,
                0.0,
                0.0,
                1.0
            ]
        ],
        [
            [
                -0.9678415656089783,
                0.1874336451292038,
                0.16778850555419922,
                -0.18547087907791138
            ],
            [
                -0.1804182380437851,
                -0.9819778800010681,
                0.056257106363773346,
                -0.14274829626083374
            ],
            [
                0.17531073093414307,
                0.02417531982064247,
                0.9842144250869751,
                0.17690350115299225
            ],
            [
                0.0,
                0.0,
                0.0,
                1.0
            ]
        ],
        [
            [
                -0.9675158262252808,
                0.193471759557724,
                0.16273562610149384,
                -0.20888686180114746
            ],
            [
                -0.18567128479480743,
                -0.9806514382362366,
                0.06199115887284279,
                -0.15621885657310486
            ],
            [
                0.17158250510692596,
                0.02976156398653984,
                0.9847182631492615,
                0.19331786036491394
            ],
            [
                0.0,
                0.0,
                0.0,
                1.0
            ]
        ],
        [
            [
                -0.9681409001350403,
                0.1988181173801422,
                0.15223565697669983,
                -0.2213210165500641
            ],
            [
                -0.1904143989086151,
                -0.9793388843536377,
                0.06806467473506927,
                -0.171870619058609
