{
    "trj_id": [
        0,
        45,
        50,
        55,
        60,
        69,
        99,
        194
    ],
    "trj_est": [
        [
            [
                -0.9585129518749981,
                0.0807944605545034,
                0.2733590610014328,
                0.01051038637198394
            ],
            [
                -0.08468365944949716,
                -0.9964049051869538,
                -0.0024377739067156096,
                0.03641651331988294
            ],
            [
                0.2721793506313804,
                -0.02548568349260948,
                0.9619089775164773,
                0.05674575557210698
            ],
            [
                0.0,
                0.0,
                0.0,
                1.0
            ]
        ],
        [
            [
                -0.9592494332772605,
                0.08015716536579434,
                0.2709433896753684,
                -0.034343607310505585
            ],
            [
                -0.0829202374865198,
                -0.9965521381555144,
                0.0012530955859915316,
                -0.01839833710843074
            ],
            [
                0.27011052513136397,
                -0.021264832730690447,
                0.9625901642573745,
                0.029673554148344706
            ],
            [
                0.0,
                0.0,
                0.0,
                1.0
            ]
        ],
        [
            [
                -0.9573008550639441,
                0.1277489026291185,
                0.25933033148606177,
                -0.1539186045680281
            ],
            [
                -0.11860922014882083,
                -0.9916442084739473,
                0.050650880114757296,
                -0.12185404134901817
            ],
            [
                0.2636352666112544,
                0.017728553053870326,
                0.9644560020252929,
                0.08859914629693662
            ],
            [
                0.0,
                0.0,
                0.0,
                1.0
            ]
        ],
        [
            [
                -0.9519510285244152,
                0.18884193555052836,
                0.24109912679110512,
                -0.31141887516976646
            ],
            [
                -0.1610336215550451,
                -0.9782898127108723,
                0.13043368168489913,
                -0.25406972096113595
            ],
            [
                0.26049551629463186,
                0.08534225458179764,
                0.9616935287058233,
                0.203567782335089
            ],
            [
                0.0,
                0.0,
                0.0,
                1.0
            ]
        ],
        [
            [
                -0.9561896722452147,
                0.20407109146658134,
                0.2099173595087042,
                -0.3854227885101801
            ],
            [
                -0.16713825435071808,
                -0.9691933600996084,
                0.18089092093471215,
                -0.3568944880160796
            ],
            [
                0.24036030360918761,
                0.13788178904532314,
                0.9608367378510743,
                0.2686966966594335
            ],
            [
                0.0,
                0.0,
                0.0,
                1.0
            ]
        ],
        [
            [
                -0.9567822126837878,
                0.19467124680535292,
                0.21603572153033163,
                -0.34934227159234277
            ],
            [
                -0.15637808320899607,
                -0.9707408185252735,
                0.1821936208029285,
                -0.3101246037149844
            ],
            [
                0.24517845505301605,
                0.14053847457013163,
                0.9592325246159372,
                0.259050804402024
            ],
            [
                0.0,
                0.0,
                0.0,
                1.0
            ]
        ],
        [
            [
                -0.9532704540227287,
                0.1929692446357665,
                0.2324774998964941,
                -0.3302176285239796
            ],
            [
                -0.15634521404265384,
                -0.9734823232503418,
                0.16697527980059768,
                -0.27498131253823155
            ],
            [
                0.2585387018815012,
                0.1228271133679819,
                0.9581595416131728,
                0.2607765415471691
            ],
            [
                0.0,
                0.0,
                0.0,
                1.0
            ]
        ],
        [
            [
                -0.9526671653052592,
                0.2080516875426373,
                0.22169440523804632,
                -0.37615955918517285
            ],
            [
                -0.1636690707399619,
                -0.9654527679935618,
                0.20274214841736402,
                -0.32412163184619
            ],
            [
                0.2562195723192763,
                0.1568629678095526,
                0.9538051819762289,
                0.3078650060334225
            ],
            [
                0.0,
                0.0,
                0.0,
                1.0
            ]
        ]
    ],
    "trj_gt": [
        [
            [
                -0.9585129518749981,
                0.0807944605545034,
                0.2733590610014328,
                0.01051038637198394
            ],
            [
                -0.08468365944949716,
                -0.9964049051869538,
                -0.0024377739067156096,
                0.03641651331988294
            ],
            [
                0.2721793506313804,
                -0.02548568349260948,
                0.9619089775164773,
                0.05674575557210698
            ],
            [
                0.0,
                0.0,
                0.0,
                1.0
            ]
        ],
        [
            [
                -0.9376191630125458,
                0.08793325188276685,
                0.33635999816413203,
                0.012362650051462422
            ],
            [
                -0.0808460745384095,
                -0.9961102474563553,
                0.035046927742219736,
                0.03781570574434568
            ],
            [
                0.3381334313305666,
                0.0056672855725045405,
                0.9410811147243667,
                0.05773461315466455
            ],
            [
                0.0,
                0.0,
                0.0,
                1.0
            ]
        ],
        [
            [
                -0.8998506425331277,
                0.09178906938198478,
                0.426431222912566,
                0.014762016152678603
            ],
            [
                -0.05805312412364919,
                -0.9941133664441297,
                0.09147922953656684,
                0.03870668056101646
            ],
            [
                0.4323177719134405,
                0.0575619787629724,
                0.8998821937835471,
                0.05797134794158252
            ],
            [
                0.0,
                0.0,
                0.0,
                1.0
            ]
        ],
        [
            [
                -0.86436442317086,
                0.09412348604383813,
                0.49397865675701175,
                0.01832143707975251
            ],
            [
                -0.07256037865259074,
                -0.995391404106706,
                0.06269724140879815,
                0.03997057856950779
            ],
            [
                0.49760339167483475,
                0.01834998652413306,
                0.8672105526273681,
                0.057906654942546196
            ],
            [
                0.0,
                0.0,
                0.0,
                1.0
            ]
        ],
        [
            [
                -0.8486610444696617,
                0.09229629508484948,
                0.5208222590416743,
                0.02006615391417631
            ],
            [
                -0.08341557480983922,
                -0.9956904449990406,
                0.0405262830365173,
                0.04035693447075095
            ],
            [
                0.5223181726484412,
                -0.009051610421476347,
                0.8527026415286699,
                0.057642655463061826
            ],
            [
                0.0,
                0.0,
                0.0,
                1.0
            ]
        ],
        [
            [
                -0.8671187117827533,
                0.07317279829782701,
                0.49269755557084366,
                0.019233059356144167
            ],
            [
                -0.06217795139928873,
                -0.9973150300974949,
                0.038686342569712026,
                0.039817405966116784
            ],
            [
                0.4942054654048321,
                0.0029107268678027045,
                0.8693402588360292,
                0.058940998928271135
            ],
            [
                0.0,
                0.0,
                0.0,
                1.0
            ]
        ],
        [
            [
                -0.8705794527696882,
                0.0729259697893779,
                0.486593484692828,
                0.0191130556547846
            ],
            [
                -0.05923056766929477,
                -0.9972963518196936,
                0.04349398235047736,
                0.04017519158296159
            ],
            [
                0.4884497479462997,
                0.00904375903091657,
                0.8725451588048536,
                0.05960009701833246
            ],
            [
                0.0,
                0.0,
                0.0,
                1.0
            ]
        ],
        [
            [
                -0.8509702603547835,
                0.07094256519667774,
                0.520400584583672,
                0.021201566833565038
            ],
            [
                -0.06253277366705663,
                -0.9974729938578649,
                0.033723563597771615,
                0.04083288976160896
            ],
            [
                0.5214779652192574,
                -0.0038443422770879005,
                0.8532560886528964,
                0.05970159669047634
            ],
            [
                0.0,
                0.0,
                0.0,
                1.0
            ]
        ]
    ]
}