{
    "trj_id": [
        0,
        11,
        16,
        21,
        26,
        31,
        36,
        41,
        43,
        47
    ],
    "trj_est": [
        [
            [
                -0.9870349325206141,
                0.007680374854568717,
                -0.16032171975786616,
                -0.0
            ],
            [
                0.16050326724991326,
                0.04186517331950588,
                -0.9861470521504541,
                -0.0
            ],
            [
                -0.0008620824376990949,
                -0.9990937489069887,
                -0.042555113780244666,
                -0.0
            ],
            [
                0.0,
                0.0,
                0.0,
                1.0
            ]
        ],
        [
            [
                -0.9923415067118282,
                0.00514830814938878,
                -0.12339064747201883,
                -0.025989026786997885
            ],
            [
                0.12349459501320943,
                0.036789457055974466,
                -0.99166080709392,
                -0.27884692350739
            ],
            [
                -0.0005645702162786174,
                -0.9993042249499423,
                -0.03714358355147935,
                -0.015314386807545812
            ],
            [
                0.0,
                0.0,
                0.0,
                1.0
            ]
        ],
        [
            [
                -0.9976769353848838,
                0.007757373816607812,
                -0.06761031267237462,
                -0.03026703226015197
            ],
            [
                0.06786042412727415,
                0.03887800780374644,
                -0.9969342604263152,
                -0.5139399228366934
            ],
            [
                -0.005104007182850088,
                -0.9992075103398828,
                -0.03931416364738279,
                -0.02515795198041628
            ],
            [
                0.0,
                0.0,
                0.0,
                1.0
            ]
        ],
        [
            [
                -0.9995001253364051,
                0.010107629871243194,
                0.029781550345525272,
                -0.015239113643011186
            ],
            [
                -0.029302992422627242,
                0.04459574289516291,
                -0.9985711078228484,
                -0.7691427149478979
            ],
            [
                -0.011420046768025542,
                -0.9989474488361133,
                -0.04427772991380828,
                -0.03306489278516846
            ],
            [
                0.0,
                0.0,
                0.0,
                1.0
            ]
        ],
        [
            [
                -0.9855894610897739,
                0.008045778366901488,
                0.1689400642845174,
                0.047855682475908164
            ],
            [
                -0.16845553574362568,
                0.04249153121434141,
                -0.9847887831905487,
                -1.0450543909872576
            ],
            [
                -0.015100516571283275,
                -0.9990577118829496,
                -0.04052470989607441,
                -0.04244741857207404
            ],
            [
                0.0,
                0.0,
                0.0,
                1.0
            ]
        ],
        [
            [
                -0.9437014803630162,
                0.004442650468822868,
                0.33075511252024287,
                0.18281811115451718
            ],
            [
                -0.33038536416415504,
                0.03634577797536423,
                -0.9431394140117303,
                -1.3913528892554308
            ],
            [
                -0.016208653679818653,
                -0.9993198981415936,
                -0.03283379430277378,
                -0.054879451617717075
            ],
            [
                0.0,
                0.0,
                0.0,
                1.0
            ]
        ],
        [
            [
                -0.8694841924617538,
                -0.005414849380094268,
                0.4939240649769819,
                0.413684052806646
            ],
            [
                -0.49385976097455225,
                0.02886456318733597,
                -0.8690556146202255,
                -1.756881328751378
            ],
            [
                -0.009549306420192093,
                -0.9995597739750561,
                -0.027772964936046488,
                -0.06503482169719245
            ],
            [
                0.0,
                0.0,
                0.0,
                1.0
            ]
        ],
        [
            [
                -0.7581354757784734,
                -0.01649162935536396,
                0.6518848050327137,
                0.7528866007041511
            ],
            [
                -0.652047820506366,
                0.030852757319578063,
                -0.7575446349682341,
                -2.1234865499520095
            ],
            [
                -0.00761812557530581,
                -0.999379732280534,
                -0.034145602747004414,
                -0.06854367164227632
            ],
            [
                0.0,
                0.0,
                0.0,
                1.0
            ]
        ],
        [
            [
                -0.7045213302839217,
                -0.013534768819934803,
                0.7095509059983739,
                0.9133585593024638
            ],
            [
                -0.70953959653161,
                0.03319111565035375,
                -0.7038777420660585,
                -2.2737457471289666
            ],
            [
                -0.014022809658609336,
                -0.9993487621279216,
                -0.03298920862408209,
                -0.07731915453256726
            ],
            [
                0.0,
                0.0,
                0.0,
                1.0
            ]
        ],
        [
            [
                -0.5893418648573674,
                -0.03087384525217008,
                0.8072908074580408,
                1.2971655677421994
            ],
            [
                -0.8078426280210284,
                0.01306203389160431,
                -0.5892456963722401,
                -2.553491148976291
            ],
            [
                0.007648375153683504,
                -0.9994290381224806,
                -0.03264136274991391,
                -0.10071748576556674
            ],
            [
                0.0,
                0.0,
                0.0,
                1.0
            ]
        ]
    ],
    "trj_gt": [
        [
            [
                -0.9870349325206141,
                0.007680374854568717,
                -0.16032171975786616,
                -0.0
            ],
            [
                0.16050326724991326,
                0.04186517331950588,
                -0.9861470521504541,
                -0.0
            ],
            [
                -0.0008620824376990949,
                -0.9990937489069887,
                -0.042555113780244666,
                -0.0
            ],
            [
                0.0,
                0.0,
                0.0,
                1.0
            ]
        ],
        [
            [
                -0.9923389428827759,
                0.004605921212812934,
                -0.1234593371441634,
                -0.18996735222026476
            ],
            [
                0.1235450756872044,
                0.038545394145953454,
                -0.9915900699702352,
                -1.2930117552750746
            ],
            [
                0.00019160307352936195,
                -0.9992462349590887,
                -0.03881913456464166,
                -0.05500000000000682
            ],
            [
                0.0,
                0.0,
                0.0,
                1.0
            ]
        ],
        [
            [
                -0.9977152165697959,
                0.007025709741393732,
                -0.06719364573912442,
                -0.29672878138808295
            ],
            [
                0.06742835197366863,
                0.04150569319233762,
                -0.9968604189066482,
                -2.3377195874563768
            ],
            [
                -0.0042147331113995545,
                -0.9991135655345958,
                -0.04188459370158016,
                -0.09300000000000355
            ],
            [
                0.0,
                0.0,
                0.0,
                1.0
            ]
        ],
        [
            [
                -0.9995676246425802,
                0.009391499122057858,
                0.027863300426015668,
                -0.33188332524105135
            ],
            [
                -0.02737760568188916,
                0.048388109728317114,
                -0.9984533326821278,
                -3.6198261982390245
            ],
            [
                -0.010725226035707055,
                -0.9987844565176014,
                -0.048110071142352946,
                -0.1410000000000053
            ],
            [
                0.0,
                0.0,
                0.0,
                1.0
            ]
        ],
        [
            [
                -0.9862061285605495,
                0.006470759702126505,
                0.16539528789687571,
                -0.1975708314075749
            ],
            [
                -0.16489730048598966,
                0.048311219574585236,
                -0.9851268478503921,
                -5.119182028418435
            ],
            [
                -0.01436496717874093,
                -0.9988113712468902,
                -0.04657781001571616,
                -0.21300000000000804
            ],
            [
                0.0,
                0.0,
                0.0,
                1.0
            ]
        ],
        [
            [
                -0.9460761588923102,
                0.0016293183052156928,
                0.323940190309002,
                0.21321378782522563
            ],
            [
                -0.3235490987958013,
                0.04462662001636354,
                -0.9451584234689653,
                -6.785369357063248
            ],
            [
                -0.015996319701635116,
                -0.9990024074584481,
                -0.04169301678012387,
                -0.29200000000000154
            ],
            [
                0.0,
                0.0,
                0.0,
                1.0
            ]
        ],
        [
            [
                -0.8731813121356069,
                -0.005975520195374998,
                0.4873588916758723,
                0.9746287825869325
            ],
            [
                -0.4871779513692682,
                0.04057459649147966,
                -0.8723596424750497,
                -8.53784599789469
            ],
            [
                -0.01456158771504349,
                -0.9991586436987614,
                -0.03834012109095148,
                -0.36500000000000915
            ],
            [
                0.0,
                0.0,
                0.0,
                1.0
            ]
        ],
        [
            [
                -0.7667186475943295,
                -0.015894652247239262,
                0.6417864718588746,
                2.1106360943517752
            ],
            [
                -0.6418137814707652,
                0.04194776244774073,
                -0.7657123840841448,
                -10.2204561973067
            ],
            [
                -0.014750774397287721,
                -0.99899336597175,
                -0.04236353855750339,
                -0.43500000000000216
            ],
            [
                0.0,
                0.0,
                0.0,
                1.0
            ]
        ],
        [
            [
                -0.716107842232842,
                -0.013891479272648605,
                0.6978514061720023,
                2.693617321535837
            ],
            [
                -0.6976801013391737,
                0.0440188585496273,
                -0.715055813407141,
                -10.879186017005846
            ],
            [
                -0.02078543932621169,
                -0.9989341153928049,
                -0.0412140584802188,
                -0.47200000000000825
            ],
            [
                0.0,
                0.0,
                0.0,
                1.0
            ]
        ],
        [
            [
                -0.6072247011682889,
                -0.02643967620992656,
                0.794090111897256,
                4.062176938683478
            ],
            [
                -0.7944483824872436,
                0.034543103084345154,
                -0.6063485314509359,
                -12.104527807183329
            ],
            [
                -0.01139867775159888,
                -0.9990534107600146,
                -0.04198038344627948,
                -0.5430000000000064
            ],
            [
                0.0,
                0.0,
                0.0,
                1.0
            ]
        ]
    ]
}