{
    "trj_id": [
        0,
        39,
        46,
        51,
        56,
        61,
        67,
        80,
        194
    ],
    "trj_est": [
        [
            [
                -0.9585129518749981,
                0.0807944605545034,
                0.2733590610014328,
                0.01051038637198394
            ],
            [
                -0.08468365944949716,
                -0.9964049051869538,
                -0.0024377739067156096,
                0.03641651331988294
            ],
            [
                0.2721793506313804,
                -0.02548568349260948,
                0.9619089775164773,
                0.05674575557210698
            ],
            [
                0.0,
                0.0,
                0.0,
                1.0
            ]
        ],
        [
            [
                -0.9593838444482848,
                0.07516084208661969,
                0.27189494860421937,
                0.022170425527501012
            ],
            [
                -0.07190342448982212,
                -0.9971675772349013,
                0.02193992731991225,
                -0.026959777274486653
            ],
            [
                0.2727757098116487,
                0.0014980869948176912,
                0.9620725654775383,
                0.026833917890134243
            ],
            [
                0.0,
                0.0,
                0.0,
                1.0
            ]
        ],
        [
            [
                -0.9590606963149919,
                0.08742942974731874,
                0.2693557525946813,
                -0.046058234225075836
            ],
            [
                -0.08373542136393804,
                -0.9961660227921552,
                0.025195646016272853,
                -0.06393546849371019
            ],
            [
                0.2705284431580144,
                0.0016093237193981315,
                0.962708970066014,
                0.0579856878361068
            ],
            [
                0.0,
                0.0,
                0.0,
                1.0
            ]
        ],
        [
            [
                -0.9580384076585859,
                0.14094812101809068,
                0.2495899458535686,
                -0.16145673011091416
            ],
            [
                -0.12873853497504412,
                -0.9895633052142918,
                0.06467580474674621,
                -0.14761829398623433
            ],
            [
                0.25610470815404907,
                0.02982912695964841,
                0.9661889220084939,
                0.12078431235758247
            ],
            [
                0.0,
                0.0,
                0.0,
                1.0
            ]
        ],
        [
            [
                -0.9534675467876483,
                0.1878820464211504,
                0.23579986350738763,
                -0.3164874477614612
            ],
            [
                -0.16615538108471187,
                -0.9800493371590263,
                0.10904292759879537,
                -0.21777434911569432
            ],
            [
                0.2515847706250405,
                0.06478882765541187,
                0.9656639902020924,
                0.23221439516100748
            ],
            [
                0.0,
                0.0,
                0.0,
                1.0
            ]
        ],
        [
            [
                -0.956634311260511,
                0.19005976699091634,
                0.22074089847093234,
                -0.38634486694447573
            ],
            [
                -0.16089986138926604,
                -0.976480312746793,
                0.14347849887002975,
                -0.2840241245432168
            ],
            [
                0.2428176203997143,
                0.10173739399687128,
                0.9647184490034667,
                0.27839196194631455
            ],
            [
                0.0,
                0.0,
                0.0,
                1.0
            ]
        ],
        [
            [
                -0.9573928687550922,
                0.1856714805668754,
                0.22118162742517278,
                -0.356490928454078
            ],
            [
                -0.1550086938433659,
                -0.9766264679672796,
                0.14888516296674936,
                -0.25733281617274945
            ],
            [
                0.24365503336655614,
                0.10825409185578741,
                0.9637991942341841,
                0.27498762952523287
            ],
            [
                0.0,
                0.0,
                0.0,
                1.0
            ]
        ],
        [
            [
                -0.9532505086230076,
                0.18656952731485205,
                0.23770596527594257,
                -0.31728075767659414
            ],
            [
                -0.15791861149110908,
                -0.9782380985010616,
                0.13452945126280436,
                -0.21333397430975218
            ],
            [
                0.2576379945693502,
                0.09069888512567245,
                0.9619745466299919,
                0.27977194110393444
            ],
            [
                0.0,
                0.0,
                0.0,
                1.0
            ]
        ],
        [
            [
                -0.9532098525211251,
                0.19659354971156057,
                0.22965863468268025,
                -0.36684286147964856
            ],
            [
                -0.16331359674176502,
                -0.9741439898178296,
                0.15607536561754234,
                -0.24341090653223238
            ],
            [
                0.2544091351396813,
                0.11126270089495426,
                0.9606753737109825,
                0.31372957410691865
            ],
            [
                0.0,
                0.0,
                0.0,
                1.0
            ]
        ]
    ],
    "trj_gt": [
        [
            [
                -0.9585129518749981,
                0.0807944605545034,
                0.2733590610014328,
                0.01051038637198394
            ],
            [
                -0.08468365944949716,
                -0.9964049051869538,
                -0.0024377739067156096,
                0.03641651331988294
            ],
            [
                0.2721793506313804,
                -0.02548568349260948,
                0.9619089775164773,
                0.05674575557210698
            ],
            [
                0.0,
                0.0,
                0.0,
                1.0
            ]
        ],
        [
            [
                -0.9566280316455467,
                0.08072963332940042,
                0.2799027248393061,
                0.010285277484137396
            ],
            [
                -0.07961936903673493,
                -0.9967070809530465,
                0.015354180285853497,
                0.036156782105579405
            ],
            [
                0.2802205651699389,
                -0.007597439078981494,
                0.9599055754475443,
                0.05639564941946366
            ],
            [
                0.0,
                0.0,
                0.0,
                1.0
            ]
        ],
        [
            [
                -0.9322591938751725,
                0.0886259743718333,
                0.3507680602646961,
                0.012854492253308761
            ],
            [
                -0.07855063827617202,
                -0.9959875166843689,
                0.0428796436005612,
                0.03806168455180238
            ],
            [
                0.35316085947004416,
                0.01242188695602723,
                0.9354801462686589,
                0.05790705431427535
            ],
            [
                0.0,
                0.0,
                0.0,
                1.0
            ]
        ],
        [
            [
                -0.8907162076032386,
                0.09172351496074108,
                0.4452094274789684,
                0.015332284024552103
            ],
            [
                -0.05397723679985231,
                -0.9938426161243618,
                0.09676420971897233,
                0.038848019439859174
            ],
            [
                0.45134365556674966,
                0.062158275220048534,
                0.8901827078759236,
                0.0579445362959965
            ],
            [
                0.0,
                0.0,
                0.0,
                1.0
            ]
        ],
        [
            [
                -0.8593007300215656,
                0.09505029206600696,
                0.5025611379350492,
                0.01882315298723347
            ],
            [
                -0.07528988618428047,
                -0.995383461370907,
                0.059524766842300264,
                0.04018679912127368
            ],
            [
                0.5058988915018128,
                0.013311904726179763,
                0.8624900606788453,
                0.05789116640175439
            ],
            [
                0.0,
                0.0,
                0.0,
                1.0
            ]
        ],
        [
            [
                -0.8490166643543682,
                0.09035609967819992,
                0.5205828261665244,
                0.020158898030349516
            ],
            [
                -0.08354805358797603,
                -0.9958319244234821,
                0.03658553048249423,
                0.04024020466323055
            ],
            [
                0.5217187234422809,
                -0.012431956803658484,
                0.8530269749895304,
                0.05759881251752222
            ],
            [
                0.0,
                0.0,
                0.0,
                1.0
            ]
        ],
        [
            [
                -0.8634750517122911,
                0.07506466929342971,
                0.4987746289601398,
                0.01944620952488049
            ],
            [
                -0.0669376135081672,
                -0.9971711808939723,
                0.03419052342906083,
                0.03982923096702654
            ],
            [
                0.49993018609430695,
                -0.0038641193550347426,
                0.8660570868097102,
                0.058622317319914484
            ],
            [
                0.0,
                0.0,
                0.0,
                1.0
            ]
        ],
        [
            [
                -0.8705701455476894,
                0.0729243736289496,
                0.4866103753640086,
                0.019112073919461642
            ],
            [
                -0.05922116072980959,
                -0.9972963356190496,
                0.04350716127985444,
                0.04017318442992791
            ],
            [
                0.4884674767094428,
                0.009058404475544724,
                0.872535082105853,
                0.05959738582881607
            ],
            [
                0.0,
                0.0,
                0.0,
                1.0
            ]
        ],
        [
            [
                -0.8509702603547835,
                0.07094256519667774,
                0.520400584583672,
                0.021201566833565038
            ],
            [
                -0.06253277366705663,
                -0.9974729938578649,
                0.033723563597771615,
                0.04083288976160896
            ],
            [
                0.5214779652192574,
                -0.0038443422770879005,
                0.8532560886528964,
                0.05970159669047634
            ],
            [
                0.0,
                0.0,
                0.0,
                1.0
            ]
        ]
    ]
}