{
    "trj_id": [
        0,
        6,
        15,
        33,
        44,
        53,
        67,
        72,
        73,
        77
    ],
    "trj_est": [
        [
            [
                0.9730273181193485,
                -0.07927624059585489,
                -0.21664052222623606,
                -0.013547241392212299
            ],
            [
                0.07992392663755221,
                0.9967841825059365,
                -0.005784414992637031,
                -0.028502052557593655
            ],
            [
                0.21640241251960043,
                -0.011686367397955724,
                0.9762343082850227,
                0.047482682498766846
            ],
            [
                0.0,
                0.0,
                0.0,
                1.0
            ]
        ],
        [
            [
                0.9720658907438458,
                -0.07954361927367276,
                -0.22079078798763813,
                -0.01355130814013015
            ],
            [
                0.08282107387546092,
                0.9965422512064193,
                0.005613210508007922,
                -0.007879414556872693
            ],
            [
                0.21958298601681045,
                -0.023743958932298408,
                0.9752975883086498,
                0.038407905328779725
            ],
            [
                0.0,
                0.0,
                0.0,
                1.0
            ]
        ],
        [
            [
                0.9706947657816624,
                -0.06808854727827582,
                -0.2304533483128181,
                -0.0081560770608308
            ],
            [
                0.0761252285113472,
                0.9967488484961404,
                0.026155093392224875,
                0.013623385457341658
            ],
            [
                0.22792386291064876,
                -0.04293340652356577,
                0.9727272464092933,
                0.04029996512082749
            ],
            [
                0.0,
                0.0,
                0.0,
                1.0
            ]
        ],
        [
            [
                0.9677214476521718,
                -0.04541081985303419,
                -0.24788513453760172,
                0.012703222398670912
            ],
            [
                0.05255527553483578,
                0.9983614642781686,
                0.022277918626028424,
                0.0554223328062125
            ],
            [
                0.24646903579036747,
                -0.03458909113894634,
                0.9685263151270601,
                0.06820083366030247
            ],
            [
                0.0,
                0.0,
                0.0,
                1.0
            ]
        ],
        [
            [
                0.9665693737665462,
                -0.04516286618119759,
                -0.25239122613655063,
                0.0206756345207465
            ],
            [
                0.049209656698084026,
                0.9987347565183577,
                0.009741552527440935,
                0.09112200610524358
            ],
            [
                0.25163307358159004,
                -0.021837641334134593,
                0.9675700714628435,
                0.08874778639452204
            ],
            [
                0.0,
                0.0,
                0.0,
                1.0
            ]
        ],
        [
            [
                0.9651115551211558,
                -0.04335860972807567,
                -0.2582164555349435,
                0.026202457150537376
            ],
            [
                0.04481878920681957,
                0.9989885353084312,
                -0.0002300913492720425,
                0.11464152303426568
            ],
            [
                0.2579675189844775,
                -0.011352788672756053,
                0.9660806279519633,
                0.10444415289593802
            ],
            [
                0.0,
                0.0,
                0.0,
                1.0
            ]
        ],
        [
            [
                0.9615378826170053,
                -0.03903478052708976,
                -0.27188380597775214,
                0.03533468003522188
            ],
            [
                0.039867684887449246,
                0.9991963304678619,
                -0.0024585570866869464,
                0.13540793783389576
            ],
            [
                0.271761993449121,
                -0.008477160804947812,
                0.96232225142763,
                0.11880517403464322
            ],
            [
                0.0,
                0.0,
                0.0,
                1.0
            ]
        ],
        [
            [
                0.960181543820592,
                -0.03206620048507311,
                -0.27753022665762744,
                0.03926441697073129
            ],
            [
                0.03363152616721002,
                0.9994281714779312,
                0.0008834202625327391,
                0.1429937621602456
            ],
            [
                0.2773444896158587,
                -0.010183677963549995,
                0.9607119290068445,
                0.12284009852050495
            ],
            [
                0.0,
                0.0,
                0.0,
                1.0
            ]
        ],
        [
            [
                0.9573461590329589,
                -0.02669460759133954,
                -0.28770973079686385,
                0.04365790927570718
            ],
            [
                0.024046142519876242,
                0.9996244636711827,
                -0.012732705939585559,
                0.15528033792529203
            ],
            [
                0.2879416162751223,
                0.00526963180515675,
                0.9576295472736643,
                0.13767034739834824
            ],
            [
                0.0,
                0.0,
                0.0,
                1.0
            ]
        ],
        [
            [
                0.9562939600072178,
                -0.022455769212113487,
                -0.2915461627865204,
                0.04583931434926722
            ],
            [
                0.02223893648643123,
                0.9997393554999389,
                -0.0040542103695147096,
                0.15754966634571127
            ],
            [
                0.2915612022762595,
                -0.002608235746295807,
                0.9565444755922297,
                0.14063301172983625
            ],
            [
                0.0,
                0.0,
                0.0,
                1.0
            ]
        ]
    ],
    "trj_gt": [
        [
            [
                0.9730273181193485,
                -0.07927624059585489,
                -0.21664052222623606,
                -0.013547241392212299
            ],
            [
                0.07992392663755221,
                0.9967841825059365,
                -0.005784414992637031,
                -0.028502052557593655
            ],
            [
                0.21640241251960043,
                -0.011686367397955724,
                0.9762343082850227,
                0.047482682498766846
            ],
            [
                0.0,
                0.0,
                0.0,
                1.0
            ]
        ],
        [
            [
                0.9721169214963382,
                -0.08072154431495832,
                -0.22016521801567662,
                -0.013536574765686735
            ],
            [
                0.08349212724390054,
                0.996502998231362,
                0.003292294670031883,
                -0.027026675884793922
            ],
            [
                0.2191295407487784,
                -0.021582557756536173,
                0.9754570403518115,
                0.04654991373640235
            ],
            [
                0.0,
                0.0,
                0.0,
                1.0
            ]
        ],
        [
            [
                0.9716218304469445,
                -0.07627056191804268,
                -0.22390582838245782,
                -0.013573888619662057
            ],
            [
                0.08346358756240341,
                0.9962494020322961,
                0.022824515361898525,
                -0.024256838985382077
            ],
            [
                0.22132520902541056,
                -0.04086478110792399,
                0.9743434823073739,
                0.0451257638573835
            ],
            [
                0.0,
                0.0,
                0.0,
                1.0
            ]
        ],
        [
            [
                0.9721661557727771,
                -0.06694549135689591,
                -0.22452453486637944,
                -0.013485848744032638
            ],
            [
                0.08053035370638784,
                0.9954003963571761,
                0.051893285345029176,
                -0.02050273034659324
            ],
            [
                0.2200177895123582,
                -0.06852993593284858,
                0.9730857208792735,
                0.0433091626737413
            ],
            [
                0.0,
                0.0,
                0.0,
                1.0
            ]
        ],
        [
            [
                0.9715277740661378,
                -0.07577718447204408,
                -0.22448073977868416,
                -0.012915020651732221
            ],
            [
                0.09348953063845815,
                0.9932027109682929,
                0.06934033880963109,
                -0.018439205658081475
            ],
            [
                0.21770046366302556,
                -0.08835266401599577,
                0.9720083923928745,
                0.04255076028194651
            ],
            [
                0.0,
                0.0,
                0.0,
                1.0
            ]
        ],
        [
            [
                0.9712148197608307,
                -0.08055826918133739,
                -0.2241698890204571,
                -0.01238845619964718
            ],
            [
                0.10129310270567259,
                0.9914240873811767,
                0.08257109848281802,
                -0.016689788992206814
            ],
            [
                0.21559564286226876,
                -0.10290113812251231,
                0.9710457633664319,
                0.04161418137700196
            ],
            [
                0.0,
                0.0,
                0.0,
                1.0
            ]
        ],
        [
            [
                0.9692471615325678,
                -0.08902060657845873,
                -0.22942378138602773,
                -0.01195090016837912
            ],
            [
                0.11401274962505858,
                0.9886275658204552,
                0.09806441262178377,
                -0.01428263183850382
            ],
            [
                0.21808492103764146,
                -0.12120588972622175,
                0.9683739461136285,
                0.03948491172452907
            ],
            [
                0.0,
                0.0,
                0.0,
                1.0
            ]
        ],
        [
            [
                0.968394204693334,
                -0.09061115127335906,
                -0.23238391420509488,
                -0.011914078484920763
            ],
            [
                0.11753729133166887,
                0.9875288567474053,
                0.10474608459306205,
                -0.013249706874798903
            ],
            [
                0.2199946578050905,
                -0.1287492771089568,
                0.9669674111267361,
                0.038442156276444296
            ],
            [
                0.0,
                0.0,
                0.0,
                1.0
            ]
        ],
        [
            [
                0.9682352834692184,
                -0.09090126379560162,
                -0.23293217056826893,
                -0.011905262746035076
            ],
            [
                0.11820307395143732,
                0.9873110733379497,
                0.10604186801776251,
                -0.013064629400871693
            ],
            [
                0.22033717152063495,
                -0.1302067767231336,
                0.9666942257723785,
                0.038231591696765
            ],
            [
                0.0,
                0.0,
                0.0,
                1.0
            ]
        ],
        [
            [
                0.9678061672990113,
                -0.08977675231511248,
                -0.23514114331981317,
                -0.011858221861234596
            ],
            [
                0.1191402331293399,
                0.9863364079385756,
                0.1137809088762883,
                -0.01201052248001116
            ],
            [
                0.22171339018625938,
                -0.13813263596478073,
                0.9652784818349247,
                0.03731032718668632
            ],
            [
                0.0,
                0.0,
                0.0,
                1.0
            ]
        ]
    ]
}