{
    "trj_id": [
        0,
        6,
        15,
        33,
        44,
        53,
        67,
        72,
        73,
        77,
        81,
        85,
        90,
        95,
        99,
        104,
        108,
        113,
        118,
        123
    ],
    "trj_est": [
        [
            [
                0.9730273181193485,
                -0.07927624059585489,
                -0.21664052222623606,
                -0.013547241392212299
            ],
            [
                0.07992392663755221,
                0.9967841825059365,
                -0.005784414992637031,
                -0.028502052557593655
            ],
            [
                0.21640241251960043,
                -0.011686367397955724,
                0.9762343082850227,
                0.047482682498766846
            ],
            [
                0.0,
                0.0,
                0.0,
                1.0
            ]
        ],
        [
            [
                0.9720658907438458,
                -0.07954361927367276,
                -0.22079078798763813,
                -0.01355130814013015
            ],
            [
                0.08282107387546092,
                0.9965422512064193,
                0.005613210508007922,
                -0.007879414556872693
            ],
            [
                0.21958298601681045,
                -0.023743958932298408,
                0.9752975883086498,
                0.038407905328779725
            ],
            [
                0.0,
                0.0,
                0.0,
                1.0
            ]
        ],
        [
            [
                0.9706947657816624,
                -0.06808854727827582,
                -0.2304533483128181,
                -0.0081560770608308
            ],
            [
                0.0761252285113472,
                0.9967488484961404,
                0.026155093392224875,
                0.013623385457341658
            ],
            [
                0.22792386291064876,
                -0.04293340652356577,
                0.9727272464092933,
                0.04029996512082749
            ],
            [
                0.0,
                0.0,
                0.0,
                1.0
            ]
        ],
        [
            [
                0.9677214476521718,
                -0.04541081985303419,
                -0.24788513453760172,
                0.012703222398670912
            ],
            [
                0.05255527553483578,
                0.9983614642781686,
                0.022277918626028424,
                0.0554223328062125
            ],
            [
                0.24646903579036747,
                -0.03458909113894634,
                0.9685263151270601,
                0.06820083366030247
            ],
            [
                0.0,
                0.0,
                0.0,
                1.0
            ]
        ],
        [
            [
                0.9665693737665462,
                -0.04516286618119759,
                -0.25239122613655063,
                0.0206756345207465
            ],
            [
                0.049209656698084026,
                0.9987347565183577,
                0.009741552527440935,
                0.09112200610524358
            ],
            [
                0.25163307358159004,
                -0.021837641334134593,
                0.9675700714628435,
                0.08874778639452204
            ],
            [
                0.0,
                0.0,
                0.0,
                1.0
            ]
        ],
        [
            [
                0.9651115551211558,
                -0.04335860972807567,
                -0.2582164555349435,
                0.026202457150537376
            ],
            [
                0.04481878920681957,
                0.9989885353084312,
                -0.0002300913492720425,
                0.11464152303426568
            ],
            [
                0.2579675189844775,
                -0.011352788672756053,
                0.9660806279519633,
                0.10444415289593802
            ],
            [
                0.0,
                0.0,
                0.0,
                1.0
            ]
        ],
        [
            [
                0.9613470014049044,
                -0.033340737426302995,
                -0.2733144880372095,
                0.036482360090046156
            ],
            [
                0.03266196344325091,
                0.999436656614566,
                -0.00703130558798853,
                0.13633350393399665
            ],
            [
                0.2733957988089626,
                -0.002169211670242922,
                0.9618943571463419,
                0.12149810655875348
            ],
            [
                0.0,
                0.0,
                0.0,
                1.0
            ]
        ],
        [
            [
                0.9583099567798058,
                -0.027754986102837737,
                -0.2843794902235252,
                0.042736946321764446
            ],
            [
                0.028147271788654064,
                0.9995943238516259,
                -0.0027050420269882,
                0.14543660843303455
            ],
            [
                0.28434091033919845,
                -0.005413855862219861,
                0.9587036609764213,
                0.13061187707732858
            ],
            [
                0.0,
                0.0,
                0.0,
                1.0
            ]
        ],
        [
            [
                0.9577314637962927,
                -0.022994844950657203,
                -0.28675006292254845,
                0.043514800071414166
            ],
            [
                0.0217179398313649,
                0.9997292425058477,
                -0.007630025413427136,
                0.1498246435512736
            ],
            [
                0.2868480486187212,
                0.0010782769642530064,
                0.9579730202645372,
                0.13454304766883543
            ],
            [
                0.0,
                0.0,
                0.0,
                1.0
            ]
        ],
        [
            [
                0.9576788748259892,
                -0.019537661265094798,
                -0.2871826279548357,
                0.044007019966734395
            ],
            [
                0.020156088331237224,
                0.9997921627523964,
                -0.000799893400593067,
                0.15421976585580777
            ],
            [
                0.28713814054825443,
                -0.005023940365257234,
                0.9578724725206894,
                0.13433886484128554
            ],
            [
                0.0,
                0.0,
                0.0,
                1.0
            ]
        ],
        [
            [
                0.9561347869268939,
                -0.008377576847919222,
                -0.29281396129293413,
                0.047101366213135175
            ],
            [
                0.009317207859944512,
                0.9999492562789074,
                0.0018191643062489356,
                0.1607752347606631
            ],
            [
                0.2927841068696287,
                -0.004469496856056401,
                0.9561644804640458,
                0.13988150023423002
            ],
            [
                0.0,
                0.0,
                0.0,
                1.0
            ]
        ],
        [
            [
                0.9547209737400641,
                0.006746462705692032,
                -0.2974346297676271,
                0.050926144494042834
            ],
            [
                -0.006151882867025034,
                0.9999711675355962,
                0.002938414292674685,
                0.16679371406979798
            ],
            [
                0.29744702466744866,
                -0.0009771654278156626,
                0.9547348108861291,
                0.1424050055000514
            ],
            [
                0.0,
                0.0,
                0.0,
                1.0
            ]
        ],
        [
            [
                0.9548096033651683,
                0.015319854608669331,
                -0.29683555119872507,
                0.04980388887164886
            ],
            [
                -0.013654970481626862,
                0.9998724889423726,
                0.007685615984076997,
                0.1768842010754872
            ],
            [
                0.2969164329546463,
                -0.0032864503304272253,
                0.9548949026974829,
                0.1435593150922568
            ],
            [
                0.0,
                0.0,
                0.0,
                1.0
            ]
        ],
        [
            [
                0.953503284680365,
                0.03514297894648889,
                -0.299339395999799,
                0.05082993204873406
            ],
            [
                -0.033431219790708434,
                0.9993776466063471,
                0.010843443363691413,
                0.18873665771934556
            ],
            [
                0.2995352480308986,
                -0.00033338545814370907,
                0.9540834478756706,
                0.1435329779344768
            ],
            [
                0.0,
                0.0,
                0.0,
                1.0
            ]
        ],
        [
            [
                0.9524367095761522,
                0.049955837914342306,
                -0.3006207105941409,
                0.051707425458145224
            ],
            [
                -0.04766197305134231,
                0.9987459656055346,
                0.014967556534047733,
                0.19890189250980225
            ],
            [
                0.300992386652768,
                7.098864926511324e-05,
                0.9536253675594212,
                0.14315914325017223
            ],
            [
                0.0,
                0.0,
                0.0,
                1.0
            ]
        ],
        [
            [
                0.9509810983000965,
                0.06883470974049448,
                -0.30150086112788343,
                0.05269273003855028
            ],
            [
                -0.06417046117410181,
                0.9976104347901142,
                0.025363465647210138,
                0.2134592746846615
            ],
            [
                0.30252744459357345,
                -0.0047741487695019446,
                0.9531271177197327,
                0.13995110630748925
            ],
            [
                0.0,
                0.0,
                0.0,
                1.0
            ]
        ],
        [
            [
                0.9499202286865521,
                0.07707180733669959,
                -0.302851404963617,
                0.053863324591311275
            ],
            [
                -0.06949040432271932,
                0.996937365494769,
                0.035750228172313256,
                0.2201685194015491
            ],
            [
                0.304680318390488,
                -0.012915979640538667,
                0.952364761366282,
                0.1382162760137418
            ],
            [
                0.0,
                0.0,
                0.0,
                1.0
            ]
        ],
        [
            [
                0.9497320430627755,
                0.07761938502330552,
                -0.30330292284688604,
                0.05453262973419454
            ],
            [
                -0.06719857911153795,
                0.9967357424382938,
                0.044664701467284795,
                0.22562159858993303
            ],
            [
                0.3057808038053661,
                -0.022039266526614254,
                0.9518455730524065,
                0.13754652100698048
            ],
            [
                0.0,
                0.0,
                0.0,
                1.0
            ]
        ],
        [
            [
                0.9494811757779911,
                0.0768050336136246,
                -0.3042950247408616,
                0.05624353827904755
            ],
            [
                -0.0630925878521863,
                0.9965066074398037,
                0.054660688138958975,
                0.2276208023871936
            ],
            [
                0.30743106276999616,
                -0.03270169495337358,
                0.9510072163454061,
                0.13755552385792727
            ],
            [
                0.0,
                0.0,
                0.0,
                1.0
            ]
        ],
        [
            [
                0.9492511957584668,
                0.07283849616360054,
                -0.30598354797241883,
                0.0609778776811737
            ],
            [
                -0.05173174399964479,
                0.9957200600244249,
                0.0765459971516387,
                0.22463055825509884
            ],
            [
                0.31025038243817854,
                -0.056833355943646045,
                0.9489539012783896,
                0.13649004853582772
            ],
            [
                0.0,
                0.0,
                0.0,
                1.0
            ]
        ]
    ],
    "trj_gt": [
        [
            [
                0.9730273181193485,
                -0.07927624059585489,
                -0.21664052222623606,
                -0.013547241392212299
            ],
            [
                0.07992392663755221,
                0.9967841825059365,
                -0.005784414992637031,
                -0.028502052557593655
            ],
            [
                0.21640241251960043,
                -0.011686367397955724,
                0.9762343082850227,
                0.047482682498766846
            ],
            [
                0.0,
                0.0,
                0.0,
                1.0
            ]
        ],
        [
            [
                0.9721169214963382,
                -0.08072154431495832,
                -0.22016521801567662,
                -0.013536574765686735
            ],
            [
                0.08349212724390054,
                0.996502998231362,
                0.003292294670031883,
                -0.027026675884793922
            ],
            [
                0.2191295407487784,
                -0.021582557756536173,
                0.9754570403518115,
                0.04654991373640235
            ],
            [
                0.0,
                0.0,
                0.0,
                1.0
            ]
        ],
        [
            [
                0.9716218304469445,
                -0.07627056191804268,
                -0.22390582838245782,
                -0.013573888619662057
            ],
            [
                0.08346358756240341,
                0.9962494020322961,
                0.022824515361898525,
                -0.024256838985382077
            ],
            [
                0.22132520902541056,
                -0.04086478110792399,
                0.9743434823073739,
                0.0451257638573835
            ],
            [
                0.0,
                0.0,
                0.0,
                1.0
            ]
        ],
        [
            [
                0.9721661557727771,
                -0.06694549135689591,
                -0.22452453486637944,
                -0.013485848744032638
            ],
            [
                0.08053035370638784,
                0.9954003963571761,
                0.051893285345029176,
                -0.02050273034659324
            ],
            [
                0.2200177895123582,
                -0.06852993593284858,
                0.9730857208792735,
                0.0433091626737413
            ],
            [
                0.0,
                0.0,
                0.0,
                1.0
            ]
        ],
        [
            [
                0.9715277740661378,
                -0.07577718447204408,
                -0.22448073977868416,
                -0.012915020651732221
            ],
            [
                0.09348953063845815,
                0.9932027109682929,
                0.06934033880963109,
                -0.018439205658081475
            ],
            [
                0.21770046366302556,
                -0.08835266401599577,
                0.9720083923928745,
                0.04255076028194651
            ],
            [
                0.0,
                0.0,
                0.0,
                1.0
            ]
        ],
        [
            [
                0.9712148197608307,
                -0.08055826918133739,
                -0.2241698890204571,
                -0.01238845619964718
            ],
            [
                0.10129310270567259,
                0.9914240873811767,
                0.08257109848281802,
                -0.016689788992206814
            ],
            [
                0.21559564286226876,
                -0.10290113812251231,
                0.9710457633664319,
                0.04161418137700196
            ],
            [
                0.0,
                0.0,
                0.0,
                1.0
            ]
        ],
        [
            [
                0.9692471615325678,
                -0.08902060657845873,
                -0.22942378138602773,
                -0.01195090016837912
            ],
            [
                0.11401274962505858,
                0.9886275658204552,
                0.09806441262178377,
                -0.01428263183850382
            ],
            [
                0.21808492103764146,
                -0.12120588972622175,
                0.9683739461136285,
                0.03948491172452907
            ],
            [
                0.0,
                0.0,
                0.0,
                1.0
            ]
        ],
        [
            [
                0.968394204693334,
                -0.09061115127335906,
                -0.23238391420509488,
                -0.011914078484920763
            ],
            [
                0.11753729133166887,
                0.9875288567474053,
                0.10474608459306205,
                -0.013249706874798903
            ],
            [
                0.2199946578050905,
                -0.1287492771089568,
                0.9669674111267361,
                0.038442156276444296
            ],
            [
                0.0,
                0.0,
                0.0,
                1.0
            ]
        ],
        [
            [
                0.9682352834692184,
                -0.09090126379560162,
                -0.23293217056826893,
                -0.011905262746035076
            ],
            [
                0.11820307395143732,
                0.9873110733379497,
                0.10604186801776251,
                -0.013064629400871693
            ],
            [
                0.22033717152063495,
                -0.1302067767231336,
                0.9666942257723785,
                0.038231591696765
            ],
            [
                0.0,
                0.0,
                0.0,
                1.0
            ]
        ],
        [
            [
                0.9678061672990113,
                -0.08977675231511248,
                -0.23514114331981317,
                -0.011858221861234596
            ],
            [
                0.1191402331293399,
                0.9863364079385756,
                0.1137809088762883,
                -0.01201052248001116
            ],
            [
                0.22171339018625938,
                -0.13813263596478073,
                0.9652784818349247,
                0.03731032718668632
            ],
            [
                0.0,
                0.0,
                0.0,
                1.0
            ]
        ],
        [
            [
                0.9675392461077649,
                -0.08818320068996746,
                -0.23683650554188382,
                -0.011903038269572563
            ],
            [
                0.11935159784974635,
                0.9854947190624476,
                0.12064557509805297,
                -0.0111840968787271
            ],
            [
                0.2227622125315024,
                -0.14499614414218207,
                0.9640296234307166,
                0.03663297593259825
            ],
            [
                0.0,
                0.0,
                0.0,
                1.0
            ]
        ],
        [
            [
                0.9673785365344857,
                -0.08613203134504681,
                -0.23824365726871408,
                -0.011918235090024609
            ],
            [
                0.11907866366641885,
                0.9846604688078574,
                0.12753051802023993,
                -0.010377327826544755
            ],
            [
                0.22360464868114108,
                -0.15174002222046332,
                0.9627958904901479,
                0.0359884384491055
            ],
            [
                0.0,
                0.0,
                0.0,
                1.0
            ]
        ],
        [
            [
                0.9671939538214245,
                -0.08357068289827188,
                -0.23989955533763876,
                -0.011952255948414175
            ],
            [
                0.11876851183429832,
                0.9835344116362966,
                0.1362134417886491,
                -0.009408027976234424
            ],
            [
                0.2245660176606123,
                -0.1602373305043492,
                0.961194101950742,
                0.03527629298955719
            ],
            [
                0.0,
                0.0,
                0.0,
                1.0
            ]
        ],
        [
            [
                0.9670096643757184,
                -0.08141712981050263,
                -0.24137845798119653,
                -0.011981287218887016
            ],
            [
                0.11891385318578172,
                0.9822481827662946,
                0.14507929891208654,
                -0.008490194060839855
            ],
            [
                0.22528161159861868,
                -0.16899632666342773,
                0.9595251101715876,
                0.034673399843925486
            ],
            [
                0.0,
                0.0,
                0.0,
                1.0
            ]
        ],
        [
            [
                0.9668141034274402,
                -0.07984358642600525,
                -0.242683932555141,
                -0.01199732171780647
            ],
            [
                0.11933518059428984,
                0.9810498101786823,
                0.15264463508718415,
                -0.007731517671643532
            ],
            [
                0.22589733085258765,
                -0.1765397169336249,
                0.9580209414510061,
                0.03420265364186991
            ],
            [
                0.0,
                0.0,
                0.0,
                1.0
            ]
        ],
        [
            [
                0.9665784216365567,
                -0.07782734546864266,
                -0.24427250996353816,
                -0.011970685356616285
            ],
            [
                0.11996456762517019,
                0.9793616941048533,
                0.1626627635157407,
                -0.006729136059471332
            ],
            [
                0.22657152809011172,
                -0.1865303632585761,
                0.9559664043477341,
                0.03363942938199682
            ],
            [
                0.0,
                0.0,
                0.0,
                1.0
            ]
        ],
        [
            [
                0.9662122607067097,
                -0.07761622134919076,
                -0.2457836232207152,
                -0.011998611706598694
            ],
            [
                0.12191465093007485,
                0.9777886495929713,
                0.17048804830765035,
                -0.0059987899083142225
            ],
            [
                0.22709179894621268,
                -0.19469226720809213,
                0.9542139361488836,
                0.03319977766243585
            ],
            [
                0.0,
                0.0,
                0.0,
                1.0
            ]
        ],
        [
            [
                0.9653755429845842,
                -0.08017426854071034,
                -0.2482380866651637,
                -0.011854433895094867
            ],
            [
                0.12777736949262353,
                0.974955369064085,
                0.18203014085216604,
                -0.004863292013541611
            ],
            [
                0.22742692200521214,
                -0.20744665578667668,
                0.9514425259311037,
                0.032451208174655445
            ],
            [
                0.0,
                0.0,
                0.0,
                1.0
            ]
        ],
        [
            [
                0.9647432942379713,
                -0.08518597586479588,
                -0.24902555238133617,
                -0.011625645800285156
            ],
            [
                0.13483976653139584,
                0.9725399209432,
                0.18969538616833248,
                -0.004108555478508322
            ],
            [
                0.22602790443798274,
                -0.21658589909723241,
                0.9497378242060371,
                0.032039504533247394
            ],
            [
                0.0,
                0.0,
                0.0,
                1.0
            ]
        ],
        [
            [
                0.9650233728062717,
                -0.08730094319470907,
                -0.24720120399165024,
                -0.011344347763712447
            ],
            [
                0.13757775420169185,
                0.9712954471685756,
                0.19405544532018465,
                -0.003697665168950636
            ],
            [
                0.22316418056315887,
                -0.2212774268354332,
                0.9493334761224127,
                0.03185204313738586
            ],
            [
                0.0,
                0.0,
                0.0,
                1.0
            ]
        ]
    ]
}