{
    "trj_id": [
        0,
        45,
        50,
        55,
        60,
        69,
        98,
        194
    ],
    "trj_est": [
        [
            [
                -0.9585129518749981,
                0.0807944605545034,
                0.2733590610014328,
                0.01051038637198394
            ],
            [
                -0.08468365944949716,
                -0.9964049051869538,
                -0.0024377739067156096,
                0.03641651331988294
            ],
            [
                0.2721793506313804,
                -0.02548568349260948,
                0.9619089775164773,
                0.05674575557210698
            ],
            [
                0.0,
                0.0,
                0.0,
                1.0
            ]
        ],
        [
            [
                -0.9595503086476554,
                0.08061997085552894,
                0.2697475164842627,
                -0.03063431291778413
            ],
            [
                -0.08328788852495014,
                -0.9965223140103101,
                0.001557961915888587,
                -0.019271054598055264
            ],
            [
                0.2689368552315852,
                -0.02097204318663201,
                0.9629273203950072,
                0.02982204127536139
            ],
            [
                0.0,
                0.0,
                0.0,
                1.0
            ]
        ],
        [
            [
                -0.9575835468169109,
                0.12103609451395275,
                0.26150627390279985,
                -0.15699520896224337
            ],
            [
                -0.11694177433838644,
                -0.9926460401004922,
                0.031216706414842168,
                -0.09333447900088347
            ],
            [
                0.2633640010231172,
                -0.0006890875218033869,
                0.9646948730142251,
                0.09007629928707116
            ],
            [
                0.0,
                0.0,
                0.0,
                1.0
            ]
        ],
        [
            [
                -0.9459490054350671,
                0.18035090245736868,
                0.26954629668302155,
                -0.35338092866750004
            ],
            [
                -0.16018015714916276,
                -0.9824793485697417,
                0.09523208856281651,
                -0.20004351526061168
            ],
            [
                0.28200061977851415,
                0.04690841094981347,
                0.9582654260887151,
                0.2118872616755179
            ],
            [
                0.0,
                0.0,
                0.0,
                1.0
            ]
        ],
        [
            [
                -0.9502623688469379,
                0.19245936437950947,
                0.24488060329773348,
                -0.43975266642142824
            ],
            [
                -0.16674715355664788,
                -0.9784272092304139,
                0.12191612858365582,
                -0.2679634721967035
            ],
            [
                0.2630668176694364,
                0.07501989127509497,
                0.9618518168014802,
                0.2700215091238271
            ],
            [
                0.0,
                0.0,
                0.0,
                1.0
            ]
        ],
        [
            [
                -0.9504913352554504,
                0.18526212011019585,
                0.2495000307275915,
                -0.39854391859987603
            ],
            [
                -0.15551027581525106,
                -0.9786591503558842,
                0.13427956260458712,
                -0.2379884651207997
            ],
            [
                0.2690554558779301,
                0.08882691815942767,
                0.9590155594247871,
                0.2618411867337646
            ],
            [
                0.0,
                0.0,
                0.0,
                1.0
            ]
        ],
        [
            [
                -0.9465331197657832,
                0.18544082604557724,
                0.26399116340038475,
                -0.37689450371479394
            ],
            [
                -0.15659385479464563,
                -0.9795070271578049,
                0.12661123432255728,
                -0.2148005785502551
            ],
            [
                0.28205776738269467,
                0.07849911510420819,
                0.9561743348438059,
                0.26322041787811756
            ],
            [
                0.0,
                0.0,
                0.0,
                1.0
            ]
        ],
        [
            [
                -0.9451288794284186,
                0.1969544350063823,
                0.2606646633874008,
                -0.4237974290394462
            ],
            [
                -0.1617421875691206,
                -0.9752863213732808,
                0.15047516623959167,
                -0.2441657622208915
            ],
            [
                0.28385748718349335,
                0.10005414321617752,
                0.9536274349416947,
                0.31899894924805117
            ],
            [
                0.0,
                0.0,
                0.0,
                1.0
            ]
        ]
    ],
    "trj_gt": [
        [
            [
                -0.9585129518749981,
                0.0807944605545034,
                0.2733590610014328,
                0.01051038637198394
            ],
            [
                -0.08468365944949716,
                -0.9964049051869538,
                -0.0024377739067156096,
                0.03641651331988294
            ],
            [
                0.2721793506313804,
                -0.02548568349260948,
                0.9619089775164773,
                0.05674575557210698
            ],
            [
                0.0,
                0.0,
                0.0,
                1.0
            ]
        ],
        [
            [
                -0.9376191630125458,
                0.08793325188276685,
                0.33635999816413203,
                0.012362650051462422
            ],
            [
                -0.0808460745384095,
                -0.9961102474563553,
                0.035046927742219736,
                0.03781570574434568
            ],
            [
                0.3381334313305666,
                0.0056672855725045405,
                0.9410811147243667,
                0.05773461315466455
            ],
            [
                0.0,
                0.0,
                0.0,
                1.0
            ]
        ],
        [
            [
                -0.8998506425331277,
                0.09178906938198478,
                0.426431222912566,
                0.014762016152678603
            ],
            [
                -0.05805312412364919,
                -0.9941133664441297,
                0.09147922953656684,
                0.03870668056101646
            ],
            [
                0.4323177719134405,
                0.0575619787629724,
                0.8998821937835471,
                0.05797134794158252
            ],
            [
                0.0,
                0.0,
                0.0,
                1.0
            ]
        ],
        [
            [
                -0.86436442317086,
                0.09412348604383813,
                0.49397865675701175,
                0.01832143707975251
            ],
            [
                -0.07256037865259074,
                -0.995391404106706,
                0.06269724140879815,
                0.03997057856950779
            ],
            [
                0.49760339167483475,
                0.01834998652413306,
                0.8672105526273681,
                0.057906654942546196
            ],
            [
                0.0,
                0.0,
                0.0,
                1.0
            ]
        ],
        [
            [
                -0.8486610444696617,
                0.09229629508484948,
                0.5208222590416743,
                0.02006615391417631
            ],
            [
                -0.08341557480983922,
                -0.9956904449990406,
                0.0405262830365173,
                0.04035693447075095
            ],
            [
                0.5223181726484412,
                -0.009051610421476347,
                0.8527026415286699,
                0.057642655463061826
            ],
            [
                0.0,
                0.0,
                0.0,
                1.0
            ]
        ],
        [
            [
                -0.8671187117827533,
                0.07317279829782701,
                0.49269755557084366,
                0.019233059356144167
            ],
            [
                -0.06217795139928873,
                -0.9973150300974949,
                0.038686342569712026,
                0.039817405966116784
            ],
            [
                0.4942054654048321,
                0.0029107268678027045,
                0.8693402588360292,
                0.058940998928271135
            ],
            [
                0.0,
                0.0,
                0.0,
                1.0
            ]
        ],
        [
            [
                -0.8705752797379582,
                0.07292605327709799,
                0.48660093820563166,
                0.019113055654784602
            ],
            [
                -0.05922332044869907,
                -0.9972962169806853,
                0.0435069409525026,
                0.04017519158296158
            ],
            [
                0.4884580643455544,
                0.009057943996278075,
                0.8725403561018565,
                0.05960009701833247
            ],
            [
                0.0,
                0.0,
                0.0,
                1.0
            ]
        ],
        [
            [
                -0.8509702603547835,
                0.07094256519667774,
                0.520400584583672,
                0.021201566833565038
            ],
            [
                -0.06253277366705663,
                -0.9974729938578649,
                0.033723563597771615,
                0.04083288976160896
            ],
            [
                0.5214779652192574,
                -0.0038443422770879005,
                0.8532560886528964,
                0.05970159669047634
            ],
            [
                0.0,
                0.0,
                0.0,
                1.0
            ]
        ]
    ]
}