{
    "trj_id": [
        0,
        47,
        52,
        57,
        64,
        69,
        149,
        193
    ],
    "trj_est": [
        [
            [
                -0.9585129518749981,
                0.0807944605545034,
                0.2733590610014328,
                0.01051038637198394
            ],
            [
                -0.08468365944949716,
                -0.9964049051869538,
                -0.0024377739067156096,
                0.03641651331988294
            ],
            [
                0.2721793506313804,
                -0.02548568349260948,
                0.9619089775164773,
                0.05674575557210698
            ],
            [
                0.0,
                0.0,
                0.0,
                1.0
            ]
        ],
        [
            [
                -0.9636101202767735,
                0.09052619539621876,
                0.2515384323625456,
                -0.043874685657810414
            ],
            [
                -0.09665092386664494,
                -0.99524688553391,
                -0.01207673771172521,
                -0.00557648354353053
            ],
            [
                0.2492501897254512,
                -0.03594845909012393,
                0.967774575934935,
                0.03276866058440752
            ],
            [
                0.0,
                0.0,
                0.0,
                1.0
            ]
        ],
        [
            [
                -0.9634104385280418,
                0.15583169758169596,
                0.21810672001650674,
                -0.13385991049919893
            ],
            [
                -0.1553274871503724,
                -0.9876716848180189,
                0.01956829619572419,
                -0.06939321819661186
            ],
            [
                0.21846750557241654,
                -0.015025775245801546,
                0.9757308072568477,
                0.07476934442862106
            ],
            [
                0.0,
                0.0,
                0.0,
                1.0
            ]
        ],
        [
            [
                -0.9495582552546518,
                0.19805712598242375,
                0.24316839716670463,
                -0.3423152273970055
            ],
            [
                -0.17968373559087467,
                -0.9790529308124237,
                0.09577600908791048,
                -0.19446071734060502
            ],
            [
                0.257041888367769,
                0.047250741509479235,
                0.9652466413238723,
                0.2142659421985353
            ],
            [
                0.0,
                0.0,
                0.0,
                1.0
            ]
        ],
        [
            [
                -0.95939588271213,
                0.191674639593967,
                0.20695918111771902,
                -0.3629598008045643
            ],
            [
                -0.17358155021687013,
                -0.9794724817691817,
                0.10247555880249729,
                -0.2075625396763972
            ],
            [
                0.22235189468881533,
                0.062390429647008167,
                0.9729696508723032,
                0.23491827527495243
            ],
            [
                0.0,
                0.0,
                0.0,
                1.0
            ]
        ],
        [
            [
                -0.9534996171849768,
                0.19171264473077904,
                0.23258502020373328,
                -0.3505305347396247
            ],
            [
                -0.1678062529221144,
                -0.9786413645073164,
                0.11873512734357299,
                -0.19840790999106683
            ],
            [
                0.2503833521980457,
                0.07418446157474307,
                0.9652991781141486,
                0.23287974258952934
            ],
            [
                0.0,
                0.0,
                0.0,
                1.0
            ]
        ],
        [
            [
                -0.9510235687364069,
                0.18316116063107787,
                0.24904636360732207,
                -0.33262377993474146
            ],
            [
                -0.15512878337574906,
                -0.9795579196425797,
                0.12804739549354394,
                -0.22262645404908446
            ],
            [
                0.267407807227048,
                0.08314210038277596,
                0.9599896112090648,
                0.24750670905740083
            ],
            [
                0.0,
                0.0,
                0.0,
                1.0
            ]
        ],
        [
            [
                -0.9489796126995363,
                0.20202718024771663,
                0.2421581582586528,
                -0.355554021587829
            ],
            [
                -0.1742317560717587,
                -0.9758972822416573,
                0.13139647185966355,
                -0.19854474790906057
            ],
            [
                0.2628680190428871,
                0.08250037812412661,
                0.9612980352431223,
                0.2687090923368225
            ],
            [
                0.0,
                0.0,
                0.0,
                1.0
            ]
        ]
    ],
    "trj_gt": [
        [
            [
                -0.9585129518749981,
                0.0807944605545034,
                0.2733590610014328,
                0.01051038637198394
            ],
            [
                -0.08468365944949716,
                -0.9964049051869538,
                -0.0024377739067156096,
                0.03641651331988294
            ],
            [
                0.2721793506313804,
                -0.02548568349260948,
                0.9619089775164773,
                0.05674575557210698
            ],
            [
                0.0,
                0.0,
                0.0,
                1.0
            ]
        ],
        [
            [
                -0.9224900984588397,
                0.08970413368244674,
                0.37545330820979894,
                0.013410558368354938
            ],
            [
                -0.07270713440442683,
                -0.9955931698959822,
                0.0592276342864301,
                0.03830984598140128
            ],
            [
                0.3791117128922518,
                0.02733877204177649,
                0.9249469718265748,
                0.05798848092414561
            ],
            [
                0.0,
                0.0,
                0.0,
                1.0
            ]
        ],
        [
            [
                -0.883766759348074,
                0.09195789612447884,
                0.4588028557144804,
                0.015913299765490364
            ],
            [
                -0.05342757886593563,
                -0.9939177509185909,
                0.09629640816486185,
                0.039029808477589314
            ],
            [
                0.46486751756594796,
                0.06059083882311748,
                0.883304557535386,
                0.05793730760450285
            ],
            [
                0.0,
                0.0,
                0.0,
                1.0
            ]
        ],
        [
            [
                -0.8548001934508268,
                0.0958750667544033,
                0.5100241179113669,
                0.019306199759929314
            ],
            [
                -0.07759165391823716,
                -0.9953508158372677,
                0.05706389974684847,
                0.040366338189536805
            ],
            [
                0.5131239270572575,
                0.009204617695731696,
                0.85826517492813,
                0.05786599555356554
            ],
            [
                0.0,
                0.0,
                0.0,
                1.0
            ]
        ],
        [
            [
                -0.853166875531031,
                0.0847927925553049,
                0.5147003641219725,
                0.019934667327952415
            ],
            [
                -0.07903527607903188,
                -0.9963212403186432,
                0.03312719766341981,
                0.040010724475554975
            ],
            [
                0.5156158527738741,
                -0.012416457650759615,
                0.856729901396979,
                0.05779590534143063
            ],
            [
                0.0,
                0.0,
                0.0,
                1.0
            ]
        ],
        [
            [
                -0.8671187117827533,
                0.07317279829782701,
                0.49269755557084366,
                0.019233059356144167
            ],
            [
                -0.06217795139928873,
                -0.9973150300974949,
                0.038686342569712026,
                0.039817405966116784
            ],
            [
                0.4942054654048321,
                0.0029107268678027045,
                0.8693402588360292,
                0.058940998928271135
            ],
            [
                0.0,
                0.0,
                0.0,
                1.0
            ]
        ],
        [
            [
                -0.8705957753190406,
                0.07291962869207619,
                0.4865652307225102,
                0.01916090630991971
            ],
            [
                -0.0592263315337869,
                -0.9972968131511544,
                0.04348917257896122,
                0.04018092574841671
            ],
            [
                0.4884211683062987,
                0.00904401625177938,
                0.8725611543727738,
                0.05960286509619426
            ],
            [
                0.0,
                0.0,
                0.0,
                1.0
            ]
        ],
        [
            [
                -0.8571682806500949,
                0.06752915649421294,
                0.5105901993483046,
                0.02062372283490891
            ],
            [
                -0.05722756648221236,
                -0.9977161164347261,
                0.03588253949949791,
                0.040520050967044315
            ],
            [
                0.5118471884086943,
                0.0015375401097725589,
                0.8590751373940032,
                0.059808266193280585
            ],
            [
                0.0,
                0.0,
                0.0,
                1.0
            ]
        ]
    ]
}