{
    "trj_id": [
        1,
        2,
        3,
        4,
        5,
        6,
        7,
        8,
        9,
        10,
        11,
        12,
        13,
        14,
        15,
        16,
        17,
        18,
        19,
        20,
        21,
        22,
        23,
        24,
        25,
        26,
        27,
        28,
        29,
        30,
        31,
        32,
        33,
        34,
        35,
        36,
        37,
        38,
        39,
        40,
        41,
        42,
        43,
        44,
        45,
        46,
        47,
        48,
        49,
        50,
        51,
        52,
        53,
        54,
        55,
        56,
        57,
        58,
        59,
        60,
        61,
        62,
        63,
        64,
        65,
        66,
        67,
        68,
        69,
        70,
        71,
        72,
        73,
        74,
        75,
        76,
        77,
        78,
        79,
        80,
        81,
        82,
        83,
        84,
        85,
        86,
        87,
        88,
        89,
        90,
        91,
        92,
        93,
        94,
        95,
        96,
        97,
        98,
        99,
        100,
        101,
        102,
        103,
        104,
        105,
        106,
        107,
        108,
        109,
        110,
        111,
        112,
        113,
        114,
        115,
        116,
        117,
        118,
        119,
        120,
        121,
        122,
        123,
        124,
        125,
        126,
        127,
        128,
        129,
        130,
        131,
        132,
        133,
        134,
        135,
        136,
        137,
        138,
        139,
        140,
        141,
        142,
        143,
        144,
        145,
        146,
        147,
        148,
        149,
        150,
        151,
        152,
        153,
        154,
        155,
        156,
        157,
        158,
        159,
        160,
        161,
        162,
        163,
        164,
        165,
        166,
        167,
        168,
        169,
        170,
        171,
        172,
        173,
        174,
        175,
        176,
        177,
        178,
        179,
        180,
        181,
        182,
        183,
        184,
        185,
        186,
        187,
        188,
        189,
        190,
        191,
        192,
        193,
        194,
        195,
        196,
        197
    ],
    "trj_est": [
        [
            [
                -0.9581224322319031,
                0.08120445907115936,
                0.27460354566574097,
                0.010140297003090382
            ],
            [
                -0.0848589539527893,
                -0.9963918328285217,
                -0.0014341478236019611,
                0.03626277670264244
            ],
            [
                0.2734963297843933,
                -0.024676792323589325,
                0.9615565538406372,
                0.056631118059158325
            ],
            [
                0.0,
                0.0,
                0.0,
                1.0
            ]
        ],
        [
            [
                -0.957624614238739,
                0.08139052987098694,
                0.2762802839279175,
                0.011423306539654732
            ],
            [
                -0.08459727466106415,
                -0.9964146018028259,
                0.00031237886287271976,
                0.035730715841054916
            ],
            [
                0.27531546354293823,
                -0.023073485121130943,
                0.9610769152641296,
                0.05651707574725151
            ],
            [
                0.0,
                0.0,
                0.0,
                1.0
            ]
        ],
        [
            [
                -0.9569493532180786,
                0.08206802606582642,
                0.278412401676178,
                0.010821115225553513
            ],
            [
                -0.08524218946695328,
                -0.996360182762146,
                0.0007071299478411674,
                0.037056148052215576
            ],
            [
                0.27745693922042847,
                -0.02305569313466549,
                0.960461437702179,
                0.055141761898994446
            ],
            [
                0.0,
                0.0,
                0.0,
                1.0
            ]
        ],
        [
            [
                -0.9566627740859985,
                0.08212345838546753,
                0.27937933802604675,
                0.013269121758639812
            ],
            [
                -0.08518292754888535,
                -0.9963644742965698,
                0.001194216893054545,
                0.03704072907567024
            ],
            [
                0.2784618139266968,
                -0.02265576273202896,
                0.9601799249649048,
                0.05387396365404129
            ],
            [
                0.0,
                0.0,
                0.0,
                1.0
            ]
        ],
        [
            [
                -0.956498384475708,
                0.08262563496828079,
                0.2797919511795044,
                0.014980172738432884
            ],
            [
                -0.08567331731319427,
                -0.9963222742080688,
                0.0013418402522802353,
                0.03617997467517853
            ],
            [
                0.27887389063835144,
                -0.022687304764986038,
                0.9600597023963928,
                0.052357640117406845
            ],
            [
                0.0,
                0.0,
                0.0,
                1.0
            ]
        ],
        [
            [
                -0.95695561170578,
                0.08082601428031921,
                0.2787536084651947,
                0.018073664978146553
            ],
            [
                -0.0838128849864006,
                -0.9964807033538818,
                0.0012074942933395505,
                0.035411685705184937
            ],
            [
                0.27786996960639954,
                -0.022207731381058693,
                0.9603622555732727,
                0.047742076218128204
            ],
            [
                0.0,
                0.0,
                0.0,
                1.0
            ]
        ],
        [
            [
                -0.9579241275787354,
                0.07802701741456985,
                0.276212602853775,
                0.024904243648052216
            ],
            [
                -0.0808006078004837,
                -0.9967294931411743,
                0.0013429076643660665,
                0.033393990248441696
            ],
            [
                0.27541422843933105,
                -0.02103172056376934,
                0.96109539270401,
                0.044037144631147385
            ],
            [
                0.0,
                0.0,
                0.0,
                1.0
            ]
        ],
        [
            [
                -0.9576007723808289,
                0.07742353528738022,
                0.2775018811225891,
                0.023223064839839935
            ],
            [
                -0.08029180020093918,
                -0.9967706799507141,
                0.001031018909998238,
                0.034306954592466354
            ],
            [
                0.27668559551239014,
                -0.02129373885691166,
                0.9607247114181519,
                0.045710984617471695
            ],
            [
                0.0,
                0.0,
                0.0,
                1.0
            ]
        ],
        [
            [
                -0.9565234184265137,
                0.07770291715860367,
                0.28111621737480164,
                0.016609299927949905
            ],
            [
                -0.08080684393644333,
                -0.9967295527458191,
                0.0005522709689103067,
                0.03655409440398216
            ],
            [
                0.28023940324783325,
                -0.02218792773783207,
                0.9596738815307617,
                0.050398051738739014
            ],
            [
                0.0,
                0.0,
                0.0,
                1.0
            ]
        ],
        [
            [
                -0.9560467600822449,
                0.07787233591079712,
                0.2826846241950989,
                0.012717566452920437
            ],
            [
                -0.08111458271741867,
                -0.9967048764228821,
                0.0002347699919482693,
                0.03700302913784981
            ],
            [
                0.2817714512348175,
                -0.022705331444740295,
                0.9592130780220032,
                0.05209844931960106
            ],
            [
                0.0,
                0.0,
                0.0,
                1.0
            ]
        ],
        [
            [
                -0.9560969471931458,
                0.07811319082975388,
                0.282449871301651,
                0.01290131639689207
            ],
            [
                -0.08123476803302765,
                -0.9966947436332703,
                0.000661639787722379,
                0.03590473160147667
            ],
            [
                0.28156760334968567,
                -0.022312209010124207,
                0.9592819809913635,
                0.049580540508031845
            ],
            [
                0.0,
                0.0,
                0.0,
                1.0
            ]
        ],
        [
            [
                -0.9568167924880981,
                0.07846011221408844,
                0.2799033522605896,
                0.015567565336823463
            ],
            [
                -0.08155625313520432,
                -0.996668815612793,
                0.000587102840654552,
                0.03445198014378548
            ],
            [
                0.2790168225765228,
                -0.022266119718551636,
                0.9600284099578857,
                0.04514503479003906
            ],
            [
                0.0,
                0.0,
                0.0,
                1.0
            ]
        ],
        [
            [
                -0.9572115540504456,
                0.07842887938022614,
                0.2785588204860687,
                0.01688258908689022
            ],
            [
                -0.08169866353273392,
                -0.9966573715209961,
                -0.00012948315998073667,
                0.03287021443247795
            ],
            [
                0.2776174247264862,
                -0.022881850600242615,
                0.960419237613678,
                0.04076259583234787
            ],
            [
                0.0,
                0.0,
                0.0,
                1.0
            ]
        ],
        [
            [
                -0.9571192860603333,
                0.07786145806312561,
                0.2790347635746002,
                0.01496659405529499
            ],
            [
                -0.08105301111936569,
                -0.9967097043991089,
                0.00010001275222748518,
                0.030040787532925606
            ],
            [
                0.2781246602535248,
                -0.02252078615128994,
                0.960281252861023,
                0.03925110027194023
            ],
            [
                0.0,
                0.0,
                0.0,
                1.0
            ]
        ],
        [
            [
                -0.9558632373809814,
                0.07834702730178833,
                0.2831740975379944,
                0.00562035758048296
            ],
            [
                -0.08141868561506271,
                -0.9966796040534973,
                0.0009241836378350854,
                0.02536950819194317
            ],
            [
                0.282306045293808,
                -0.022172296419739723,
                0.9590688347816467,
                0.04040650650858879
            ],
            [
                0.0,
                0.0,
                0.0,
                1.0
            ]
        ],
        [
            [
                -0.9556778073310852,
                0.07855841517448425,
                0.28374072909355164,
                0.0038029078859835863
            ],
            [
                -0.08129484206438065,
                -0.9966878294944763,
                0.002137791831046343,
                0.022052021697163582
            ],
            [
                0.28296902775764465,
                -0.021023685112595558,
                0.9588987231254578,
                0.04006960242986679
            ],
            [
                0.0,
                0.0,
                0.0,
                1.0
            ]
        ],
        [
            [
                -0.955589771270752,
                0.079069584608078,
                0.2838938534259796,
                0.0025003973860293627
            ],
            [
                -0.0812486782670021,
                -0.9966853857040405,
                0.004111048299819231,
                0.017085621133446693
            ],
            [
                0.2832777798175812,
                -0.019137609750032425,
                0.9588472247123718,
                0.039610736072063446
            ],
            [
                0.0,
                0.0,
                0.0,
                1.0
            ]
        ],
        [
            [
                -0.9560630917549133,
                0.07970409840345383,
                0.2821188271045685,
                0.00540690403431654
            ],
            [
                -0.08085261285305023,
                -0.996697187423706,
                0.0075881811790168285,
                0.009187823161482811
            ],
            [
                0.28179189562797546,
                -0.015555213205516338,
                0.9593493342399597,
                0.03903573006391525
            ],
            [
                0.0,
                0.0,
                0.0,
                1.0
            ]
        ],
        [
            [
                -0.9564064145088196,
                0.08077109605073929,
                0.2806481420993805,
                0.007817896082997322
            ],
            [
                -0.08127085119485855,
                -0.99664306640625,
                0.009877816773951054,
                0.0029348372481763363
            ],
            [
                0.2805035412311554,
                -0.013361401855945587,
                0.9597595930099487,
                0.03725875914096832
            ],
            [
                0.0,
                0.0,
                0.0,
                1.0
            ]
        ],
        [
            [
                -0.956307590007782,
                0.08229348808526993,
                0.2805410623550415,
                0.008265447802841663
            ],
            [
                -0.08247963339090347,
                -0.996529757976532,
                0.011164563708007336,
                -0.0017548821633681655
            ],
            [
                0.2804866135120392,
                -0.01246223971247673,
                0.9597768187522888,
                0.03750288486480713
            ],
            [
                0.0,
                0.0,
                0.0,
                1.0
            ]
        ],
        [
            [
                -0.956841230392456,
                0.08182501792907715,
                0.27885550260543823,
                0.01294324453920126
            ],
            [
                -0.0823458731174469,
                -0.9965546131134033,
                0.009865926578640938,
                -0.001394364982843399
            ],
            [
                0.2787020206451416,
                -0.013522524386644363,
                0.9602824449539185,
                0.03489694744348526
            ],
            [
                0.0,
                0.0,
                0.0,
                1.0
            ]
        ],
        [
            [
                -0.9570642113685608,
                0.08157464861869812,
                0.27816134691238403,
                0.014546744525432587
            ],
            [
                -0.08224915713071823,
                -0.9965687990188599,
                0.009265157394111156,
                -0.0017032782780006528
            ],
            [
                0.2779622972011566,
                -0.014011199586093426,
                0.9604897499084473,
                0.03221099078655243
            ],
            [
                0.0,
                0.0,
                0.0,
                1.0
            ]
        ],
        [
            [
                -0.9564912915229797,
                0.08249591290950775,
                0.2798548638820648,
                0.011175025254487991
            ],
            [
                -0.08302734047174454,
                -0.9964972138404846,
                0.009976746514439583,
                -0.004474172368645668
            ],
            [
                0.2796975076198578,
                -0.013692975044250488,
                0.9599900245666504,
                0.031563568860292435
            ],
            [
                0.0,
                0.0,
                0.0,
                1.0
            ]
        ],
        [
            [
                -0.9562339782714844,
                0.08342322707176208,
                0.28045904636383057,
                0.00951246079057455
            ],
            [
                -0.08330982178449631,
                -0.9964467287063599,
                0.012348264455795288,
                -0.009762994013726711
            ],
            [
                0.28049275279045105,
                -0.011557182297110558,
                0.9597865343093872,
                0.034013256430625916
            ],
            [
                0.0,
                0.0,
                0.0,
                1.0
            ]
        ],
        [
            [
                -0.9556668400764465,
                0.08445259183645248,
                0.28207916021347046,
                0.006222089286893606
            ],
            [
                -0.08401124179363251,
                -0.9963706135749817,
                0.013681968674063683,
                -0.012734218500554562
            ],
            [
                0.2822110056877136,
                -0.010622426867485046,
                0.9592933654785156,
                0.03683380037546158
            ],
            [
                0.0,
                0.0,
                0.0,
                1.0
            ]
        ],
        [
            [
                -0.9557983875274658,
                0.08444569259881973,
                0.2816370725631714,
                0.007188119925558567
            ],
            [
                -0.08342492580413818,
                -0.9963918924331665,
                0.01563587598502636,
                -0.01602395623922348
            ],
            [
                0.28194141387939453,
                -0.008550715632736683,
                0.9593936204910278,
                0.040471386164426804
            ],
            [
                0.0,
                0.0,
                0.0,
                1.0
            ]
        ],
        [
            [
                -0.9557911157608032,
                0.08396854996681213,
                0.2818031311035156,
                0.007259744685143232
            ],
            [
                -0.08298172056674957,
                -0.9964311718940735,
                0.015456520952284336,
                -0.015324058011174202
            ],
            [
                0.2820955216884613,
                -0.008611306548118591,
                0.959347665309906,
                0.0435747429728508
            ],
            [
                0.0,
                0.0,
                0.0,
                1.0
            ]
        ],
        [
            [
                -0.9554919004440308,
                0.08423373848199844,
                0.2827359437942505,
                0.005873647052794695
            ],
            [
                -0.08361802250146866,
                -0.9963957071304321,
                0.014266252517700195,
                -0.013139698654413223
            ],
            [
                0.2829184830188751,
                -0.010010677389800549,
                0.9590920209884644,
                0.044324811547994614
            ],
            [
                0.0,
                0.0,
                0.0,
                1.0
            ]
        ],
        [
            [
                -0.9558502435684204,
                0.08436452597379684,
                0.2814849615097046,
                0.008451053872704506
            ],
            [
                -0.08353764563798904,
                -0.9963926076889038,
                0.014959562569856644,
                -0.014607514254748821
            ],
            [
                0.28173133730888367,
                -0.009215465746819973,
                0.9594491720199585,
                0.04362380877137184
            ],
            [
                0.0,
                0.0,
                0.0,
                1.0
            ]
        ],
        [
            [
                -0.95708829164505,
                0.08095265179872513,
                0.27826038002967834,
                0.015941763296723366
            ],
            [
                -0.0794607475399971,
                -0.9966983199119568,
                0.016655035316944122,
                -0.02007904462516308
            ],
            [
                0.2786900997161865,
                -0.00617035711184144,
                0.9603613018989563,
                0.03775641694664955
            ],
            [
                0.0,
                0.0,
                0.0,
                1.0
            ]
        ],
        [
            [
                -0.958598792552948,
                0.07777667790651321,
                0.2739313542842865,
                0.025304460898041725
            ],
            [
                -0.07615090906620026,
                -0.9969586133956909,
                0.016580238938331604,
                -0.02070574089884758
            ],
            [
                0.27438774704933167,
                -0.00496627576649189,
                0.9616060853004456,
                0.034118980169296265
            ],
            [
                0.0,
                0.0,
                0.0,
                1.0
            ]
        ],
        [
            [
                -0.9593653678894043,
                0.07621724903583527,
                0.2716808021068573,
                0.03095996379852295
            ],
            [
                -0.07452419400215149,
                -0.9970818161964417,
                0.016559595242142677,
                -0.020329318940639496
            ],
            [
                0.2721501886844635,
                -0.004360018763691187,
                0.9622450470924377,
                0.033280257135629654
            ],
            [
                0.0,
                0.0,
                0.0,
                1.0
            ]
        ],
        [
            [
                -0.9586925506591797,
                0.0758167952299118,
                0.27415522933006287,
                0.026709554716944695
            ],
            [
                -0.07539136707782745,
                -0.9970802664756775,
                0.012103776447474957,
                -0.008895102888345718
            ],
            [
                0.2742726802825928,
                -0.009065118618309498,
                0.9616091251373291,
                0.0375279076397419
            ],
            [
                0.0,
                0.0,
                0.0,
                1.0
            ]
        ],
        [
            [
                -0.9570082426071167,
                0.07799893617630005,
                0.279377281665802,
                0.0168355293571949
            ],
            [
                -0.07775019109249115,
                -0.9969007968902588,
                0.0119897136464715,
                -0.006485124584287405
            ],
            [
                0.27944672107696533,
                -0.01024723332375288,
                0.960106611251831,
                0.04214062914252281
            ],
            [
                0.0,
                0.0,
                0.0,
                1.0
            ]
        ],
        [
            [
                -0.9566463828086853,
                0.0800308957695961,
                0.28004154562950134,
                0.01287878304719925
            ],
            [
                -0.080327607691288,
                -0.9967139363288879,
                0.010437490418553352,
                -0.003731084754690528
            ],
            [
                0.2799564003944397,
                -0.012510116212069988,
                0.959931492805481,
                0.041512906551361084
            ],
            [
                0.0,
                0.0,
                0.0,
                1.0
            ]
        ],
        [
            [
                -0.9557992815971375,
                0.08297047764062881,
                0.2820700705051422,
                0.008362348191440105
            ],
            [
                -0.08252955973148346,
                -0.9964973330497742,
                0.013465933501720428,
                -0.010269748978316784
            ],
            [
                0.2821991443634033,
                -0.010408434085547924,
                0.9592992663383484,
                0.04336942732334137
            ],
            [
                0.0,
                0.0,
                0.0,
                1.0
            ]
        ],
        [
            [
                -0.9556733965873718,
                0.08344224840402603,
                0.28235769271850586,
                0.006684468127787113
            ],
            [
                -0.08264853805303574,
                -0.9964699745178223,
                0.014742838218808174,
                -0.014392118901014328
            ],
            [
                0.28259116411209106,
                -0.009247226640582085,
                0.9591960906982422,
                0.042882051318883896
            ],
            [
                0.0,
                0.0,
                0.0,
                1.0
            ]
        ],
        [
            [
                -0.9553318619728088,
                0.08295196294784546,
                0.28365564346313477,
                0.0030484795570373535
            ],
            [
                -0.08148840814828873,
                -0.9965296983718872,
                0.016976473852992058,
                -0.019648756831884384
            ],
            [
                0.2840794324874878,
                -0.00689654378220439,
                0.9587757587432861,
                0.04358504340052605
            ],
            [
                0.0,
                0.0,
                0.0,
                1.0
            ]
        ],
        [
            [
                -0.9552165269851685,
                0.08256898075342178,
                0.28415510058403015,
                0.0014882910763844848
            ],
            [
                -0.08091174066066742,
                -0.9965659976005554,
                0.0175862405449152,
                -0.021463550627231598
            ],
            [
                0.2846314013004303,
                -0.0061928387731313705,
                0.9586173295974731,
                0.04317474737763405
            ],
            [
                0.0,
                0.0,
                0.0,
                1.0
            ]
        ],
        [
            [
                -0.9551825523376465,
                0.0826466903090477,
                0.2842463254928589,
                0.001082502189092338
            ],
            [
                -0.08087912201881409,
                -0.9965623021125793,
                0.01797122322022915,
                -0.022718923166394234
            ],
            [
                0.2847544848918915,
                -0.005823715124279261,
                0.9585825800895691,
                0.04170243814587593
            ],
            [
                0.0,
                0.0,
                0.0,
                1.0
            ]
        ],
        [
            [
                -0.9554644823074341,
                0.08315899223089218,
                0.283146470785141,
                0.002610414754599333
            ],
            [
                -0.08148285746574402,
                -0.9965172410011292,
                0.01771293580532074,
                -0.022744014859199524
            ],
            [
                0.28363364934921265,
                -0.006147507578134537,
                0.958913266658783,
                0.03888600319623947
            ],
            [
                0.0,
                0.0,
                0.0,
                1.0
            ]
        ],
        [
            [
                -0.9559880495071411,
                0.08409640192985535,
                0.28109678626060486,
                0.001655531581491232
            ],
            [
                -0.08281983435153961,
                -0.9964287877082825,
                0.016440145671367645,
                -0.024101994931697845
            ],
            [
                0.2814755439758301,
                -0.007563892751932144,
                0.9595390558242798,
                0.03590776026248932
            ],
            [
                0.0,
                0.0,
                0.0,
                1.0
            ]
        ],
        [
            [
                -0.9591389894485474,
                0.08222950994968414,
                0.2707240581512451,
                0.0016962290974333882
            ],
            [
                -0.08267676830291748,
                -0.9965282082557678,
                0.009771240875124931,
                -0.022144969552755356
            ],
            [
                0.2705877721309662,
                -0.013010666705667973,
                0.9626075625419617,
                0.036656513810157776
            ],
            [
                0.0,
                0.0,
                0.0,
                1.0
            ]
        ],
        [
            [
                -0.9623537659645081,
                0.08164437860250473,
                0.25924721360206604,
                0.005250264424830675
            ],
            [
                -0.08231306076049805,
                -0.9965718984603882,
                0.008295126259326935,
                -0.02632061205804348
            ],
            [
                0.25903570652008057,
                -0.013356401585042477,
                0.9657752513885498,
                0.03978345915675163
            ],
            [
                0.0,
                0.0,
                0.0,
                1.0
            ]
        ],
        [
            [
                -0.9645482897758484,
                0.08182824403047562,
                0.25090041756629944,
                0.0013384781777858734
            ],
            [
                -0.0818571224808693,
                -0.9965901374816895,
                0.010339681059122086,
                -0.037710435688495636
            ],
            [
                0.2508912682533264,
                -0.010564856231212616,
                0.9679574966430664,
                0.05058383569121361
            ],
            [
                0.0,
                0.0,
                0.0,
                1.0
            ]
        ],
        [
            [
                -0.9646148681640625,
                0.08296312391757965,
                0.25027209520339966,
                -0.018342293798923492
            ],
            [
                -0.0843377336859703,
                -0.9964234232902527,
                0.00524573028087616,
                -0.03503256291151047
            ],
            [
                0.2498122751712799,
                -0.016047339886426926,
                0.9681615829467773,
                0.05613578483462334
            ],
            [
                0.0,
                0.0,
                0.0,
                1.0
            ]
        ],
        [
            [
                -0.9635531306266785,
                0.09243245422840118,
                0.2510400414466858,
                -0.05197100713849068
            ],
            [
                -0.08897707611322403,
                -0.9957161545753479,
                0.025102244690060616,
                -0.07591460645198822
            ],
            [
                0.25228559970855713,
                0.001850139000453055,
                0.9676505327224731,
                0.07952018827199936
            ],
            [
                0.0,
                0.0,
                0.0,
                1.0
            ]
        ],
        [
            [
                -0.9661698937416077,
                0.0975339338183403,
                0.23875071108341217,
                -0.05666465684771538
            ],
            [
                -0.09414175897836685,
                -0.9952277541160583,
                0.02559606358408928,
                -0.08164076507091522
            ],
            [
                0.2401084452867508,
                0.0022532963193953037,
                0.9707425832748413,
                0.08842037618160248
            ],
            [
                0.0,
                0.0,
                0.0,
                1.0
            ]
        ],
        [
            [
                -0.9684264659881592,
                0.106432244181633,
                0.22543515264987946,
                -0.06414251774549484
            ],
            [
                -0.10269273072481155,
                -0.9943095445632935,
                0.028280986472964287,
                -0.08947402238845825
            ],
            [
                0.22716304659843445,
                0.004237012937664986,
                0.973846971988678,
                0.0984368845820427
            ],
            [
                0.0,
                0.0,
                0.0,
                1.0
            ]
        ],
        [
            [
                -0.9702945947647095,
                0.1167418584227562,
                0.21189524233341217,
                -0.07418561726808548
            ],
            [
                -0.11400894820690155,
                -0.9931605458259583,
                0.025109047070145607,
                -0.08692941814661026
            ],
            [
                0.2133782058954239,
                0.00020481407409533858,
                0.9769685864448547,
                0.10348429530858994
            ],
            [
                0.0,
                0.0,
                0.0,
                1.0
            ]
        ],
        [
            [
                -0.9704046845436096,
                0.1340988576412201,
                0.20082610845565796,
                -0.0889531597495079
            ],
            [
                -0.1309191733598709,
                -0.9909639358520508,
                0.029088053852319717,
                -0.09872598201036453
            ],
            [
                0.20291312038898468,
                0.0019346843473613262,
                0.9791935086250305,
                0.10885761678218842
            ],
            [
                0.0,
                0.0,
                0.0,
                1.0
            ]
        ],
        [
            [
                -0.9632182717323303,
                0.15089407563209534,
                0.2223559021949768,
                -0.1506652534008026
            ],
            [
                -0.14481696486473083,
                -0.98850017786026,
                0.043481867760419846,
                -0.1213703379034996
            ],
            [
                0.2263609617948532,
                0.0096813989803195,
                0.9739950299263,
                0.11924372613430023
            ],
            [
                0.0,
                0.0,
                0.0,
                1.0
            ]
        ],
        [
            [
                -0.9656429290771484,
                0.15623784065246582,
                0.20766581594944,
                -0.15743251144886017
            ],
            [
                -0.15099304914474487,
                -0.9876829981803894,
                0.040969476103782654,
                -0.11938121914863586
            ],
            [
                0.21151010692119598,
                0.008205677382647991,
                0.9773404598236084,
                0.12745866179466248
            ],
            [
                0.0,
                0.0,
                0.0,
                1.0
            ]
        ],
        [
            [
                -0.9681921601295471,
                0.16920100152492523,
                0.18432451784610748,
                -0.1675897240638733
            ],
            [
                -0.1633290946483612,
                -0.9854629039764404,
                0.04669699817895889,
                -0.1274532973766327
            ],
            [
                0.18954765796661377,
                0.01510582771152258,
                0.9817542433738708,
                0.14600755274295807
            ],
            [
                0.0,
                0.0,
                0.0,
                1.0
            ]
        ],
        [
            [
                -0.9677169322967529,
                0.1845470666885376,
                0.17165549099445343,
                -0.19759373366832733
            ],
            [
                -0.17917859554290771,
                -0.9827187657356262,
                0.04639439657330513,
                -0.12770646810531616
            ],
            [
                0.1772524118423462,
                0.014139472506940365,
                0.9840627908706665,
                0.1696346253156662
            ],
            [
                0.0,
                0.0,
                0.0,
                1.0
            ]
        ],
        [
            [
                -0.9698153138160706,
                0.19122560322284698,
                0.15129564702510834,
                -0.20099835097789764
            ],
            [
                -0.18548431992530823,
                -0.9813029170036316,
                0.051323361694812775,
                -0.14082232117652893
            ],
            [
                0.15828268229961395,
                0.021711034700274467,
                0.9871546030044556,
                0.17958205938339233
            ],
            [
                0.0,
                0.0,
                0.0,
                1.0
            ]
        ],
        [
            [
                -0.9626946449279785,
                0.20011982321739197,
                0.1821342259645462,
                -0.2609565258026123
            ],
            [
                -0.19207116961479187,
                -0.979481041431427,
                0.06099264696240425,
                -0.15936186909675598
            ],
            [
