{
    "trj_id": [
        0,
        46,
        51,
        56,
        61,
        68,
        78,
        194,
        195
    ],
    "trj_est": [
        [
            [
                -0.9585129518749981,
                0.0807944605545034,
                0.2733590610014328,
                0.01051038637198394
            ],
            [
                -0.08468365944949716,
                -0.9964049051869538,
                -0.0024377739067156096,
                0.03641651331988294
            ],
            [
                0.2721793506313804,
                -0.02548568349260948,
                0.9619089775164773,
                0.05674575557210698
            ],
            [
                0.0,
                0.0,
                0.0,
                1.0
            ]
        ],
        [
            [
                -0.9598303115850241,
                0.08912362682642785,
                0.26604519486049544,
                -0.04069985367577119
            ],
            [
                -0.08450127658610941,
                -0.9960040810330969,
                0.028792133495694167,
                -0.06632891213108733
            ],
            [
                0.2675502587969977,
                0.005153688056037933,
                0.9635271719364216,
                0.04929760344480056
            ],
            [
                0.0,
                0.0,
                0.0,
                1.0
            ]
        ],
        [
            [
                -0.9544252719655083,
                0.1484881412075528,
                0.2588921006218821,
                -0.16882492899134724
            ],
            [
                -0.13578784343427736,
                -0.9885081168513392,
                0.06637242304753463,
                -0.14279451251982953
            ],
            [
                0.26577451984031314,
                0.028193507754686983,
                0.9636224563347804,
                0.11377039712437444
            ],
            [
                0.0,
                0.0,
                0.0,
                1.0
            ]
        ],
        [
            [
                -0.9369301676324895,
                0.1963960719227916,
                0.2891303778302201,
                -0.37765962866459535
            ],
            [
                -0.17336365898470504,
                -0.9793998044630626,
                0.10349382285848593,
                -0.20423592387867376
            ],
            [
                0.30350233021993284,
                0.04684081820478035,
                0.9516791595382044,
                0.2530229218034391
            ],
            [
                0.0,
                0.0,
                0.0,
                1.0
            ]
        ],
        [
            [
                -0.9432579543155928,
                0.19153791002544024,
                0.27126998948671427,
                -0.4434195293610289
            ],
            [
                -0.16751732551527704,
                -0.9797786630638476,
                0.10932758393964769,
                -0.23013993865681168
            ],
            [
                0.2867265101703284,
                0.05768252431849157,
                0.9562746167898233,
                0.29654128426793525
            ],
            [
                0.0,
                0.0,
                0.0,
                1.0
            ]
        ],
        [
            [
                -0.941776796622447,
                0.19328811642818325,
                0.27514235884747557,
                -0.412256892256077
            ],
            [
                -0.16268706908029698,
                -0.9780309609388639,
                0.13024892886926193,
                -0.22258582939468508
            ],
            [
                0.2942749308799531,
                0.07790258496891335,
                0.9525382987553478,
                0.28667244360105215
            ],
            [
                0.0,
                0.0,
                0.0,
                1.0
            ]
        ],
        [
            [
                -0.938324106051233,
                0.1958393870452981,
                0.28495295638195783,
                -0.37402930656764505
            ],
            [
                -0.16546104777075937,
                -0.9779569442531525,
                0.12729944052470585,
                -0.20181637268465275
            ],
            [
                0.3036038519129149,
                0.0722969284411067,
                0.9500489738439034,
                0.28948572801561845
            ],
            [
                0.0,
                0.0,
                0.0,
                1.0
            ]
        ],
        [
            [
                -0.9381483779048865,
                0.20413645915862952,
                0.27966107744754953,
                -0.4203725163475152
            ],
            [
                -0.17078233542573792,
                -0.9754280095625867,
                0.13913034875017868,
                -0.21674485458838094
            ],
            [
                0.3011933035605876,
                0.08276138441365838,
                0.9499637119946421,
                0.32528440133615993
            ],
            [
                0.0,
                0.0,
                0.0,
                1.0
            ]
        ],
        [
            [
                -0.9393875023767878,
                0.20499039645136619,
                0.2748351720106796,
                -0.433989136005046
            ],
            [
                -0.1740130857570469,
                -0.9757127888752011,
                0.1330038172230956,
                -0.21279841923034254
            ],
            [
                0.2954268215960798,
                0.07711490995429748,
                0.9522469405979761,
                0.34775987039217704
            ],
            [
                0.0,
                0.0,
                0.0,
                1.0
            ]
        ]
    ],
    "trj_gt": [
        [
            [
                -0.9585129518749981,
                0.0807944605545034,
                0.2733590610014328,
                0.01051038637198394
            ],
            [
                -0.08468365944949716,
                -0.9964049051869538,
                -0.0024377739067156096,
                0.03641651331988294
            ],
            [
                0.2721793506313804,
                -0.02548568349260948,
                0.9619089775164773,
                0.05674575557210698
            ],
            [
                0.0,
                0.0,
                0.0,
                1.0
            ]
        ],
        [
            [
                -0.9322591938751725,
                0.0886259743718333,
                0.3507680602646961,
                0.012854492253308761
            ],
            [
                -0.07855063827617202,
                -0.9959875166843689,
                0.0428796436005612,
                0.03806168455180238
            ],
            [
                0.35316085947004416,
                0.01242188695602723,
                0.9354801462686589,
                0.05790705431427535
            ],
            [
                0.0,
                0.0,
                0.0,
                1.0
            ]
        ],
        [
            [
                -0.8907162076032386,
                0.09172351496074108,
                0.4452094274789684,
                0.015332284024552103
            ],
            [
                -0.05397723679985231,
                -0.9938426161243618,
                0.09676420971897233,
                0.038848019439859174
            ],
            [
                0.45134365556674966,
                0.062158275220048534,
                0.8901827078759236,
                0.0579445362959965
            ],
            [
                0.0,
                0.0,
                0.0,
                1.0
            ]
        ],
        [
            [
                -0.8593007300215656,
                0.09505029206600696,
                0.5025611379350492,
                0.01882315298723347
            ],
            [
                -0.07528988618428047,
                -0.995383461370907,
                0.059524766842300264,
                0.04018679912127368
            ],
            [
                0.5058988915018128,
                0.013311904726179763,
                0.8624900606788453,
                0.05789116640175439
            ],
            [
                0.0,
                0.0,
                0.0,
                1.0
            ]
        ],
        [
            [
                -0.8490166643543682,
                0.09035609967819992,
                0.5205828261665244,
                0.020158898030349516
            ],
            [
                -0.08354805358797603,
                -0.9958319244234821,
                0.03658553048249423,
                0.04024020466323055
            ],
            [
                0.5217187234422809,
                -0.012431956803658484,
                0.8530269749895304,
                0.05759881251752222
            ],
            [
                0.0,
                0.0,
                0.0,
                1.0
            ]
        ],
        [
            [
                -0.865504784728685,
                0.07363098285935726,
                0.4954593282752059,
                0.019359798227058033
            ],
            [
                -0.06420762420865923,
                -0.9972853656429993,
                0.03604553325711458,
                0.039805573550326816
            ],
            [
                0.4967684054015842,
                -0.0006146848584395542,
                0.867882926181459,
                0.05879309216772446
            ],
            [
                0.0,
                0.0,
                0.0,
                1.0
            ]
        ],
        [
            [
                -0.8705820994277219,
                0.07291361010825011,
                0.4865906016529735,
                0.01915853082736657
            ],
            [
                -0.05922025360127721,
                -0.9972972611609933,
                0.043487175628943844,
                0.04017589003954571
            ],
            [
                0.48844628130370793,
                0.009043137827340833,
                0.8725471058566492,
                0.059596252763177635
            ],
            [
                0.0,
                0.0,
                0.0,
                1.0
            ]
        ],
        [
            [
                -0.8509702603547835,
                0.07094256519667774,
                0.520400584583672,
                0.021201566833565038
            ],
            [
                -0.06253277366705663,
                -0.9974729938578649,
                0.033723563597771615,
                0.04083288976160896
            ],
            [
                0.5214779652192574,
                -0.0038443422770879005,
                0.8532560886528964,
                0.05970159669047634
            ],
            [
                0.0,
                0.0,
                0.0,
                1.0
            ]
        ],
        [
            [
                -0.8455674511433081,
                0.074293875002637,
                0.5286739124489713,
                0.02155848361137782
            ],
            [
                -0.06652581073660384,
                -0.9972142506287278,
                0.033735068531470735,
                0.041006154976001206
            ],
            [
                0.5297074683944408,
                -0.006645184728659604,
                0.8481543724152308,
                0.05946741105985791
            ],
            [
                0.0,
                0.0,
                0.0,
                1.0
            ]
        ]
    ]
}