{
    "trj_id": [
        0,
        31,
        46,
        51,
        56,
        61,
        68,
        82,
        196
    ],
    "trj_est": [
        [
            [
                -0.9585129518749981,
                0.0807944605545034,
                0.2733590610014328,
                0.01051038637198394
            ],
            [
                -0.08468365944949716,
                -0.9964049051869538,
                -0.0024377739067156096,
                0.03641651331988294
            ],
            [
                0.2721793506313804,
                -0.02548568349260948,
                0.9619089775164773,
                0.05674575557210698
            ],
            [
                0.0,
                0.0,
                0.0,
                1.0
            ]
        ],
        [
            [
                -0.9617728674501944,
                0.07132952911773456,
                0.26437811765039065,
                0.04250158823942013
            ],
            [
                -0.06889092479978214,
                -0.9974478219409301,
                0.018499575685368034,
                -0.023770620276610397
            ],
            [
                0.26502454758053046,
                -0.00042194173949112887,
                0.9642369570679976,
                0.02139975158804669
            ],
            [
                0.0,
                0.0,
                0.0,
                1.0
            ]
        ],
        [
            [
                -0.9592994085778805,
                0.08822758320957934,
                0.2682384416433297,
                -0.04523434445319788
            ],
            [
                -0.08424245820038236,
                -0.9960907390009194,
                0.02635605535724966,
                -0.06717795042127206
            ],
            [
                0.2695157791897734,
                0.0026847482773451723,
                0.9629878311174108,
                0.05359631945014463
            ],
            [
                0.0,
                0.0,
                0.0,
                1.0
            ]
        ],
        [
            [
                -0.9545488859479238,
                0.14674736682587247,
                0.25941369994745467,
                -0.17849945872465994
            ],
            [
                -0.13623794591757651,
                -0.9889621353549481,
                0.0581433779257209,
                -0.13739862199224417
            ],
            [
                0.2650845945529439,
                0.020157338149429715,
                0.9640082318156282,
                0.11512386218614833
            ],
            [
                0.0,
                0.0,
                0.0,
                1.0
            ]
        ],
        [
            [
                -0.9499968720915047,
                0.19486146528484938,
                0.24398868149665498,
                -0.33532917721523664
            ],
            [
                -0.17319396425396671,
                -0.9789941804166737,
                0.10753506878752948,
                -0.21976956755042082
            ],
            [
                0.2598197665188774,
                0.059899330011286035,
                0.9637928698810628,
                0.22868302037483362
            ],
            [
                0.0,
                0.0,
                0.0,
                1.0
            ]
        ],
        [
            [
                -0.954155967406049,
                0.19873655129055742,
                0.22380112721879233,
                -0.39910397330731573
            ],
            [
                -0.17028988276494514,
                -0.9753704646645396,
                0.14013768205411672,
                -0.2862959856721724
            ],
            [
                0.2461377411470679,
                0.0955997320750813,
                0.9645026738293777,
                0.27549497189592065
            ],
            [
                0.0,
                0.0,
                0.0,
                1.0
            ]
        ],
        [
            [
                -0.9541336486603191,
                0.1938619004651232,
                0.22813766520372927,
                -0.3654591868824473
            ],
            [
                -0.16313735261342477,
                -0.9756157839333727,
                0.14677094091406379,
                -0.25557493419650323
            ],
            [
                0.2510263148486465,
                0.10281799281021821,
                0.9624968971241512,
                0.271785099900161
            ],
            [
                0.0,
                0.0,
                0.0,
                1.0
            ]
        ],
        [
            [
                -0.9503027104498718,
                0.1939683942958772,
                0.24351593959440185,
                -0.33412654511122303
            ],
            [
                -0.16459539499195305,
                -0.9769506598052171,
                0.13587198125276195,
                -0.22002444157716522
            ],
            [
                0.26426340577315344,
                0.08903516640360927,
                0.9603270578070604,
                0.2750885468491674
            ],
            [
                0.0,
                0.0,
                0.0,
                1.0
            ]
        ],
        [
            [
                -0.9543048411236663,
                0.20925620424428718,
                0.21334061411378064,
                -0.3890447870557392
            ],
            [
                -0.17937892063035726,
                -0.9720958128629397,
                0.15111975818774165,
                -0.2570447140656918
            ],
            [
                0.23901546812396673,
                0.1059426513435205,
                0.9652140372885025,
                0.3149608214373133
            ],
            [
                0.0,
                0.0,
                0.0,
                1.0
            ]
        ]
    ],
    "trj_gt": [
        [
            [
                -0.9585129518749981,
                0.0807944605545034,
                0.2733590610014328,
                0.01051038637198394
            ],
            [
                -0.08468365944949716,
                -0.9964049051869538,
                -0.0024377739067156096,
                0.03641651331988294
            ],
            [
                0.2721793506313804,
                -0.02548568349260948,
                0.9619089775164773,
                0.05674575557210698
            ],
            [
                0.0,
                0.0,
                0.0,
                1.0
            ]
        ],
        [
            [
                -0.9566317440778612,
                0.08071575001282236,
                0.2798940405268,
                0.010282864795610063
            ],
            [
                -0.07960483555737659,
                -0.9967082419776732,
                0.01535416978087994,
                0.0361507130261615
            ],
            [
                0.2802120204031823,
                -0.007592632853274858,
                0.9599081078665405,
                0.05640548293680877
            ],
            [
                0.0,
                0.0,
                0.0,
                1.0
            ]
        ],
        [
            [
                -0.9322591938751725,
                0.0886259743718333,
                0.3507680602646961,
                0.012854492253308761
            ],
            [
                -0.07855063827617202,
                -0.9959875166843689,
                0.0428796436005612,
                0.03806168455180238
            ],
            [
                0.35316085947004416,
                0.01242188695602723,
                0.9354801462686589,
                0.05790705431427535
            ],
            [
                0.0,
                0.0,
                0.0,
                1.0
            ]
        ],
        [
            [
                -0.8907162076032386,
                0.09172351496074108,
                0.4452094274789684,
                0.015332284024552103
            ],
            [
                -0.05397723679985231,
                -0.9938426161243618,
                0.09676420971897233,
                0.038848019439859174
            ],
            [
                0.45134365556674966,
                0.062158275220048534,
                0.8901827078759236,
                0.0579445362959965
            ],
            [
                0.0,
                0.0,
                0.0,
                1.0
            ]
        ],
        [
            [
                -0.8593007300215656,
                0.09505029206600696,
                0.5025611379350492,
                0.01882315298723347
            ],
            [
                -0.07528988618428047,
                -0.995383461370907,
                0.059524766842300264,
                0.04018679912127368
            ],
            [
                0.5058988915018128,
                0.013311904726179763,
                0.8624900606788453,
                0.05789116640175439
            ],
            [
                0.0,
                0.0,
                0.0,
                1.0
            ]
        ],
        [
            [
                -0.8490166643543682,
                0.09035609967819992,
                0.5205828261665244,
                0.020158898030349516
            ],
            [
                -0.08354805358797603,
                -0.9958319244234821,
                0.03658553048249423,
                0.04024020466323055
            ],
            [
                0.5217187234422809,
                -0.012431956803658484,
                0.8530269749895304,
                0.05759881251752222
            ],
            [
                0.0,
                0.0,
                0.0,
                1.0
            ]
        ],
        [
            [
                -0.865504784728685,
                0.07363098285935726,
                0.4954593282752059,
                0.019359798227058033
            ],
            [
                -0.06420762420865923,
                -0.9972853656429993,
                0.03604553325711458,
                0.039805573550326816
            ],
            [
                0.4967684054015842,
                -0.0006146848584395542,
                0.867882926181459,
                0.05879309216772446
            ],
            [
                0.0,
                0.0,
                0.0,
                1.0
            ]
        ],
        [
            [
                -0.870589988004996,
                0.07291481715744327,
                0.4865763066820634,
                0.01915996514946437
            ],
            [
                -0.05922798107010711,
                -0.9972972832280239,
                0.0434761443134227,
                0.040178347173912006
            ],
            [
                0.4884312838504714,
                0.009030963674998263,
                0.8725556272532321,
                0.059599477903130374
            ],
            [
                0.0,
                0.0,
                0.0,
                1.0
            ]
        ],
        [
            [
                -0.8421275240084917,
                0.07624561886717844,
                0.5338612543637988,
                0.021681919183364463
            ],
            [
                -0.06835454487838327,
                -0.997061789981481,
                0.034575181176598545,
                0.04107109967916266
            ],
            [
                0.5349288639639825,
                -0.0073751313538463386,
                0.8448649110572153,
                0.059297866825318346
            ],
            [
                0.0,
                0.0,
                0.0,
                1.0
            ]
        ]
    ]
}