{
    "trj_id": [
        0,
        42,
        47,
        52,
        57,
        62,
        67,
        73,
        74,
        78,
        82,
        86,
        90,
        94,
        98,
        102,
        106,
        111,
        115,
        120,
        124,
        128,
        132,
        136,
        140,
        144,
        148,
        152,
        156,
        160,
        164,
        168,
        172,
        176,
        181,
        185,
        190,
        194
    ],
    "trj_est": [
        [
            [
                -0.9585129518749981,
                0.0807944605545034,
                0.2733590610014328,
                0.01051038637198394
            ],
            [
                -0.08468365944949716,
                -0.9964049051869538,
                -0.0024377739067156096,
                0.03641651331988294
            ],
            [
                0.2721793506313804,
                -0.02548568349260948,
                0.9619089775164773,
                0.05674575557210698
            ],
            [
                0.0,
                0.0,
                0.0,
                1.0
            ]
        ],
        [
            [
                -0.9611696038189853,
                0.07442271387646217,
                0.26571919367039337,
                0.029632139617216537
            ],
            [
                -0.07233885589479387,
                -0.9972191007135163,
                0.01763659260389317,
                -0.0223575851773446
            ],
            [
                0.2662952417577106,
                -0.002270150323110252,
                0.9638863066519934,
                0.02067227431774926
            ],
            [
                0.0,
                0.0,
                0.0,
                1.0
            ]
        ],
        [
            [
                -0.9579585633578336,
                0.09672492347430423,
                0.2700999731656827,
                -0.07795993033591639
            ],
            [
                -0.09060293249123372,
                -0.9952646952769694,
                0.03507076117896635,
                -0.0865116739739459
            ],
            [
                0.2722153272100848,
                0.009124155483196852,
                0.9621881387941789,
                0.07368641592310407
            ],
            [
                0.0,
                0.0,
                0.0,
                1.0
            ]
        ],
        [
            [
                -0.9524629466669906,
                0.16212575741131027,
                0.2579329336549553,
                -0.20341939793664426
            ],
            [
                -0.14789754694985444,
                -0.9862419100829009,
                0.0737741637984199,
                -0.16200052490534192
            ],
            [
                0.2663483326764741,
                0.03211929205699029,
                0.9633397912715523,
                0.1280334548982944
            ],
            [
                0.0,
                0.0,
                0.0,
                1.0
            ]
        ],
        [
            [
                -0.9422523353405086,
                0.21696783412302154,
                0.25512277713643516,
                -0.3757949483855194
            ],
            [
                -0.1905747773006137,
                -0.973768905046775,
                0.12428879110997318,
                -0.2507180380840708
            ],
            [
                0.2754003504338196,
                0.06849130388496297,
                0.9588848852136193,
                0.24471982098061565
            ],
            [
                0.0,
                0.0,
                0.0,
                1.0
            ]
        ],
        [
            [
                -0.9479389833044405,
                0.21281294517844956,
                0.23691331762028842,
                -0.41495476183471813
            ],
            [
                -0.184412763719432,
                -0.9733257925502619,
                0.13644756510538925,
                -0.2771536736204687
            ],
            [
                0.2596334055805487,
                0.0856532100101284,
                0.961899786681686,
                0.272346510086254
            ],
            [
                0.0,
                0.0,
                0.0,
                1.0
            ]
        ],
        [
            [
                -0.9472186417058597,
                0.21101739984294332,
                0.24135405623665426,
                -0.3918008996321195
            ],
            [
                -0.17874735853133653,
                -0.9725685149396809,
                0.14882070295285982,
                -0.2636261073219041
            ],
            [
                0.26613956897579105,
                0.09782284290861203,
                0.9589560964928365,
                0.2731543707667452
            ],
            [
                0.0,
                0.0,
                0.0,
                1.0
            ]
        ],
        [
            [
                -0.9433634696715079,
                0.2094566825258967,
                0.25728765415168453,
                -0.3632485973482312
            ],
            [
                -0.17507121764053574,
                -0.9730220449045948,
                0.15023117811112338,
                -0.24890338593038144
            ],
            [
                0.28181464908968107,
                0.09667787539318684,
                0.9545832163803745,
                0.2681246254310482
            ],
            [
                0.0,
                0.0,
                0.0,
                1.0
            ]
        ],
        [
            [
                -0.9430171572338973,
                0.20960412492332345,
                0.2584357639994735,
                -0.35876259446538245
            ],
            [
                -0.1751498102036339,
                -0.9730311243448643,
                0.15007589473643695,
                -0.24835849030083113
            ],
            [
                0.2829229796960726,
                0.09625791175970212,
                0.9542971926476691,
                0.270216829792959
            ],
            [
                0.0,
                0.0,
                0.0,
                1.0
            ]
        ],
        [
            [
                -0.9414029384126243,
                0.2112645329927562,
                0.26292781251746716,
                -0.35993693569332513
            ],
            [
                -0.17746322342120305,
                -0.9731507501923662,
                0.14654368208710516,
                -0.23584595232337366
            ],
            [
                0.28682880476531475,
                0.09129549477265783,
                0.9536191150239542,
                0.2805409285103251
            ],
            [
                0.0,
                0.0,
                0.0,
                1.0
            ]
        ],
        [
            [
                -0.94133232933544,
                0.21107844510987628,
                0.26333434860894434,
                -0.3613634770461727
            ],
            [
                -0.1764568006765395,
                -0.9729430989086841,
                0.14911040315000212,
                -0.23935677918160814
            ],
            [
                0.2876837208573313,
                0.09389401885813925,
                0.9531101811111035,
                0.2815986445443919
            ],
            [
                0.0,
                0.0,
                0.0,
                1.0
            ]
        ],
        [
            [
                -0.9409277069065182,
                0.21098819377999495,
                0.2648497965267742,
                -0.36456672988984307
            ],
            [
                -0.17594578243983677,
                -0.9729020665318261,
                0.14997780935499055,
                -0.24272367406344483
            ],
            [
                0.2893175059474886,
                0.09451793312695002,
                0.9525539077828931,
                0.28004775404033416
            ],
            [
                0.0,
                0.0,
                0.0,
                1.0
            ]
        ],
        [
            [
                -0.940839638192871,
                0.21175649695268073,
                0.26455526055688916,
                -0.36316491830299047
            ],
            [
                -0.17677865581961724,
                -0.9727562819956108,
                0.14995070127331928,
                -0.24254321578717639
            ],
            [
                0.2891013754471345,
                0.09431053912635046,
                0.9526406806478733,
                0.28103778284150494
            ],
            [
                0.0,
                0.0,
                0.0,
                1.0
            ]
        ],
        [
            [
                -0.9405514902536217,
                0.21152975551825764,
                0.26575850751987123,
                -0.36564760351202513
            ],
            [
                -0.17639785304296807,
                -0.972813381793194,
                0.15002715826115368,
                -0.24296664001017354
            ],
            [
                0.29026909223773806,
                0.0942278844881305,
                0.9522943129974187,
                0.2815335905902834
            ],
            [
                0.0,
                0.0,
                0.0,
                1.0
            ]
        ],
        [
            [
                -0.9409166719102082,
                0.21129328394574995,
                0.26465293926173383,
                -0.3624501321740828
            ],
            [
                -0.17627707605504803,
                -0.9728412340880451,
                0.14999188863989157,
                -0.24284490469284906
            ],
            [
                0.2891576227895576,
                0.09447635743666478,
                0.9526082600592477,
                0.2797623466010078
            ],
            [
                0.0,
                0.0,
                0.0,
                1.0
            ]
        ],
        [
            [
                -0.9396402241751725,
                0.21359596714623547,
                0.2673281837301365,
                -0.364658967149811
            ],
            [
                -0.17932691881810803,
                -0.9727519533665364,
                0.14692209083952618,
                -0.23095052006539654
            ],
            [
                0.2914255034468803,
                0.09011335568436717,
                0.9523404448417238,
                0.2891043603420466
            ],
            [
                0.0,
                0.0,
                0.0,
                1.0
            ]
        ],
        [
            [
                -0.9399848591842956,
                0.21135249671932188,
                0.2679018510285037,
                -0.3676158631795917
            ],
            [
                -0.17641621882167607,
                -0.9730213109410735,
                0.1486567793976331,
                -0.2368118945871222
            ],
            [
                0.29209216834520807,
                0.09247089395775462,
                0.9519104258819748,
                0.28977177853003055
            ],
            [
                0.0,
                0.0,
                0.0,
                1.0
            ]
        ],
        [
            [
                -0.9406537293321817,
                0.21159165653694534,
                0.2653525415545798,
                -0.3637815370881715
            ],
            [
                -0.1767784636778246,
                -0.9728850196332446,
                0.14912299026528122,
                -0.23966941605252196
            ],
            [
                0.28970946452673413,
                0.09336290365379546,
                0.9525518411324773,
                0.28395443207824494
            ],
            [
                0.0,
                0.0,
                0.0,
                1.0
            ]
        ],
        [
            [
                -0.9407163576499515,
                0.20836467166934133,
                0.26767847351193197,
                -0.36834238266208275
            ],
            [
                -0.1725127278412376,
                -0.9733036816704432,
                0.1513737731682515,
                -0.24833787886804176
            ],
            [
                0.29207172115464825,
                0.09622034386604268,
                0.9515463193623485,
                0.28405075766562293
            ],
            [
                0.0,
                0.0,
                0.0,
                1.0
            ]
        ],
        [
            [
                -0.9425338977772838,
                0.2023626660740337,
                0.2658841467297433,
                -0.36256257781505896
            ],
            [
                -0.16714489191837398,
                -0.9745691692369154,
                0.14923812692970798,
                -0.252630132951646
            ],
            [
                0.2893212521219021,
                0.09621936809111499,
                0.9523863065131397,
                0.27848874463354284
            ],
            [
                0.0,
                0.0,
                0.0,
                1.0
            ]
        ],
        [
            [
                -0.9415300866887003,
                0.204507057098942,
                0.2677930029659287,
                -0.36551794383588904
            ],
            [
                -0.1695659614110669,
                -0.9743511541963303,
                0.14792482585355862,
                -0.24885671512073407
            ],
            [
                0.29117478450897344,
                0.09386540725726543,
                0.9520573027913005,
                0.2856593162566874
            ],
            [
                0.0,
                0.0,
                0.0,
                1.0
            ]
        ],
        [
            [
                -0.9426521373449354,
                0.19935342099520012,
                0.26773616925579763,
                -0.36919179125491786
            ],
            [
                -0.16238393862413175,
                -0.9746355084455204,
                0.15399083339382427,
                -0.2666352191579986
            ],
            [
                0.291642906706716,
                0.10168180744358231,
                0.951111535226829,
                0.2854081665044594
            ],
            [
                0.0,
                0.0,
                0.0,
                1.0
            ]
        ],
        [
            [
                -0.9428566094975291,
                0.19889970786437183,
                0.267354576878188,
                -0.36768620845963723
            ],
            [
                -0.16106800252536627,
                -0.9743912054933316,
                0.15689257874439874,
                -0.273859953595036
            ],
            [
                0.2917124289167866,
                0.1048632264295883,
                0.9507450324577853,
                0.2802207637079143
            ],
            [
                0.0,
                0.0,
                0.0,
                1.0
            ]
        ],
        [
            [
                -0.9434131231374461,
                0.1961687023939772,
                0.2674124178474455,
                -0.36707902808769544
            ],
            [
                -0.15809267006232278,
                -0.9748017492795108,
                0.1573695423786101,
                -0.2791951660820175
            ],
            [
                0.2915432016062204,
                0.10618653150787963,
                0.9506497673236544,
                0.27804940646874204
            ],
            [
                0.0,
                0.0,
                0.0,
                1.0
            ]
        ],
        [
            [
                -0.9437283689371002,
                0.19752734561316423,
                0.2652965005991469,
                -0.36355736349942464
            ],
            [
                -0.159872427295095,
                -0.9745814368185769,
                0.1569349348090818,
                -0.2773245506735864
            ],
            [
                0.2895497215808495,
                0.1056885651857382,
                0.9513145080597498,
                0.2775760890970999
            ],
            [
                0.0,
                0.0,
                0.0,
                1.0
            ]
        ],
        [
            [
                -0.9444667678094313,
                0.1960781005203462,
                0.26373929597568013,
                -0.35833773135892644
            ],
            [
                -0.15974461475315513,
                -0.9752275331879593,
                0.15299746709136927,
                -0.27048612475100225
            ],
            [
                0.287203682876726,
                0.10236835927533393,
                0.9523895042901028,
                0.274517350956724
            ],
            [
                0.0,
                0.0,
                0.0,
                1.0
            ]
        ],
        [
            [
                -0.9434754998745509,
                0.19798065866539905,
                0.2658557629530238,
                -0.36417646379636487
            ],
            [
                -0.16086195461286176,
                -0.9747255082524557,
                0.1550158193720648,
                -0.27194797400594783
            ],
            [
                0.28982442516027074,
                0.1034859742852482,
                0.9514741230512304,
                0.2784977913726289
            ],
            [
                0.0,
                0.0,
                0.0,
                1.0
            ]
        ],
        [
            [
                -0.9431693804311887,
                0.1961643515793051,
                0.26828238367447177,
                -0.3693158592564921
            ],
            [
                -0.15787845152390106,
                -0.9747786844849232,
                0.1577272047861888,
                -0.2789243334731651
            ],
            [
                0.2924543824520072,
                0.10640589368259722,
                0.9503476329555781,
                0.28049594486804524
            ],
            [
                0.0,
                0.0,
                0.0,
                1.0
            ]
        ],
        [
            [
                -0.9436698433610015,
                0.19592708946406812,
                0.2666916074632367,
                -0.36631261516771685
            ],
            [
                -0.15734289388755077,
                -0.9746129688900491,
                0.15927763192973407,
                -0.2840378115023729
            ],
            [
                0.29112562999941105,
                0.10834178568036122,
                0.9505369997903501,
                0.27517304570880496
            ],
            [
                0.0,
                0.0,
                0.0,
                1.0
            ]
        ],
        [
            [
                -0.9434170667067276,
                0.19647395061992956,
                0.26718678315501465,
                -0.3650497332620019
            ],
            [
                -0.15917087454740758,
                -0.9750117338703678,
                0.15496791728641612,
                -0.274795547086005
            ],
            [
                0.29095522167136517,
                0.10366957174747797,
                0.9511105322480141,
                0.2754875232150749
            ],
            [
                0.0,
                0.0,
                0.0,
                1.0
            ]
        ],
        [
            [
                -0.9435395209116327,
                0.20106415906381117,
                0.26331168520190823,
                -0.35813982170114134
            ],
            [
                -0.1653536109291028,
                -0.9745072640843998,
                0.15162977396058747,
                -0.25864797167784986
            ],
            [
                0.28708382600283566,
                0.09952741490659009,
                0.9527277177482755,
                0.27858073775986547
            ],
            [
                0.0,
                0.0,
                0.0,
                1.0
            ]
        ],
        [
            [
                -0.9422274796967118,
                0.20662117626253812,
                0.26370755212549546,
                -0.35771250467389126
            ],
            [
                -0.17153753704551447,
                -0.9736867542564215,
                0.15002564101407576,
                -0.2470487156892039
            ],
            [
                0.2877638994992723,
                0.09612081127784258,
                0.9528724714450048,
                0.28263527716947656
            ],
            [
                0.0,
                0.0,
                0.0,
                1.0
            ]
        ],
        [
            [
                -0.9420097967973055,
                0.20724180093509892,
                0.2640000012423572,
                -0.36105731239610156
            ],
            [
                -0.17189752523555407,
                -0.9734955198715414,
                0.15085524884424867,
                -0.24710107167534368
            ],
            [
                0.28826306980643307,
                0.09672405089673114,
                0.9526613395281756,
                0.2872216393699626
            ],
            [
                0.0,
                0.0,
                0.0,
                1.0
            ]
        ],
        [
            [
                -0.941679017722921,
                0.2085083997347341,
                0.26418424742286417,
                -0.36048268278702333
            ],
            [
                -0.17273461142823923,
                -0.9731149362018302,
                0.15234860449399185,
                -0.2490909529736312
            ],
            [
                0.28884406756643294,
                0.09782776963309464,
                0.9523733398344716,
                0.2849495781176791
            ],
            [
                0.0,
                0.0,
                0.0,
                1.0
            ]
        ],
        [
            [
                -0.9415819762539394,
                0.2081777285786039,
                0.26479205211206996,
                -0.36164746764179945
            ],
            [
                -0.17250522858732142,
                -0.9732475218257562,
                0.15176662732227594,
                -0.24798823058003186
            ],
            [
                0.2892985798935415,
                0.0972209534713781,
                0.952297778574135,
                0.2852865531418123
            ],
            [
                0.0,
                0.0,
                0.0,
                1.0
            ]
        ],
        [
            [
                -0.9412732357356125,
                0.20985187997349888,
                0.2645687378896309,
                -0.36136398852259777
            ],
            [
                -0.1738337672027331,
                -0.9727918711830744,
                0.15316647581490725,
                -0.24944991312007056
            ],
            [
                0.2895089210234274,
                0.09817874191836984,
                0.9521356582838255,
                0.2859387036143294
            ],
            [
                0.0,
                0.0,
                0.0,
                1.0
            ]
        ],
        [
            [
                -0.9410006781130636,
                0.21291281848830237,
                0.2630903818093123,
                -0.36606586137713665
            ],
            [
                -0.1776613167969502,
                -0.9723630497565823,
                0.151488886750304,
                -0.2384614897014872
            ],
            [
                0.2880691203481044,
                0.09580844894351281,
                0.9528135720993394,
                0.2910657114499961
            ],
            [
                0.0,
                0.0,
                0.0,
                1.0
            ]
        ],
        [
            [
                -0.9442698199515336,
                0.22084881336454062,
                0.24415508861699328,
                -0.3920670974995141
            ],
            [
                -0.18736657300457996,
                -0.9702939018232511,
                0.15305756581561722,
                -0.24505083490557436
            ],
            [
                0.2707005646838092,
                0.09877922672722557,
                0.9575915323642696,
                0.3110806387995293
            ],
            [
                0.0,
                0.0,
                0.0,
                1.0
            ]
        ]
    ],
    "trj_gt": [
        [
            [
                -0.9585129518749981,
                0.0807944605545034,
                0.2733590610014328,
                0.01051038637198394
            ],
            [
                -0.08468365944949716,
                -0.9964049051869538,
                -0.0024377739067156096,
                0.03641651331988294
            ],
            [
                0.2721793506313804,
                -0.02548568349260948,
                0.9619089775164773,
                0.05674575557210698
            ],
            [
                0.0,
                0.0,
                0.0,
                1.0
            ]
        ],
        [
            [
                -0.9509101363427924,
                0.08531713937585061,
                0.2974741977537778,
                0.01086469910513688
            ],
            [
                -0.08275503554103003,
                -0.996343959417857,
                0.021220712149937895,
                0.036750467520495475
            ],
            [
                0.2981971104708006,
                -0.004438497523864689,
                0.9544939931956595,
                0.05680485336602043
            ],
            [
                0.0,
                0.0,
                0.0,
                1.0
            ]
        ],
        [
            [
                -0.9224900984588397,
                0.08970413368244674,
                0.37545330820979894,
                0.013410558368354938
            ],
            [
                -0.07270713440442683,
                -0.9955931698959822,
                0.0592276342864301,
                0.03830984598140128
            ],
            [
                0.3791117128922518,
                0.02733877204177649,
                0.9249469718265748,
                0.05798848092414561
            ],
            [
                0.0,
                0.0,
                0.0,
                1.0
            ]
        ],
        [
            [
                -0.883766759348074,
                0.09195789612447884,
                0.4588028557144804,
                0.015913299765490364
            ],
            [
                -0.05342757886593563,
                -0.9939177509185909,
                0.09629640816486185,
                0.039029808477589314
            ],
            [
                0.46486751756594796,
                0.06059083882311748,
                0.883304557535386,
                0.05793730760450285
            ],
            [
                0.0,
                0.0,
                0.0,
                1.0
            ]
        ],
        [
            [
                -0.8548001934508268,
                0.0958750667544033,
                0.5100241179113669,
                0.019306199759929314
            ],
            [
                -0.07759165391823716,
                -0.9953508158372677,
                0.05706389974684847,
                0.040366338189536805
            ],
            [
                0.5131239270572575,
                0.009204617695731696,
                0.85826517492813,
                0.05786599555356554
            ],
            [
                0.0,
                0.0,
                0.0,
                1.0
            ]
        ],
        [
            [
                -0.8498011920688725,
                0.0884013029652054,
                0.5196375117256047,
                0.020086693413589957
            ],
            [
                -0.0824454377043242,
                -0.9959944052993048,
                0.0346106112951979,
                0.04012569661768522
            ],
            [
                0.5206156775972718,
                -0.013429603364911828,
                0.8536855170338753,
                0.05759976088628116
            ],
            [
                0.0,
                0.0,
                0.0,
                1.0
            ]
        ],
        [
            [
                -0.8634750517122911,
                0.07506466929342971,
                0.4987746289601398,
                0.01944620952488049
            ],
            [
                -0.0669376135081672,
                -0.9971711808939723,
                0.03419052342906083,
                0.03982923096702654
            ],
            [
                0.49993018609430695,
                -0.0038641193550347426,
                0.8660570868097102,
                0.058622317319914484
            ],
            [
                0.0,
                0.0,
                0.0,
                1.0
            ]
        ],
        [
            [
                -0.870154930307757,
                0.07324743751883925,
                0.4873040223084826,
                0.019062132272917323
            ],
            [
                -0.059315603483784875,
                -0.997269796333751,
                0.04398423017164884,
                0.04010718565773164
            ],
            [
                0.4891953152315102,
                0.009368362576348021,
                0.8721239460868975,
                0.05947013220010855
            ],
            [
                0.0,
                0.0,
                0.0,
                1.0
            ]
        ],
        [
            [
                -0.8704355948133368,
                0.07297105619946577,
                0.4868440204409279,
                0.019090704227708335
            ],
            [
                -0.05914934543330349,
                -0.9972910318289037,
                0.04372588213463756,
                0.04013906715110852
            ],
            [
                0.48871589928788284,
                0.00926405908740239,
                0.8723938027017736,
                0.05954792345226019
            ],
            [
                0.0,
                0.0,
                0.0,
                1.0
            ]
        ],
        [
            [
                -0.8705820994277219,
                0.07291361010825011,
                0.4865906016529735,
                0.01915853082736657
            ],
            [
                -0.05922025360127721,
                -0.9972972611609933,
                0.043487175628943844,
                0.04017589003954571
            ],
            [
                0.48844628130370793,
                0.009043137827340833,
                0.8725471058566492,
                0.059596252763177635
            ],
            [
                0.0,
                0.0,
                0.0,
                1.0
            ]
        ],
        [
            [
                -0.870589988004996,
                0.07291481715744327,
                0.4865763066820634,
                0.01915996514946437
            ],
            [
                -0.05922798107010711,
                -0.9972972832280239,
                0.0434761443134227,
                0.040178347173912006
            ],
            [
                0.4884312838504714,
                0.009030963674998263,
                0.8725556272532321,
                0.059599477903130374
            ],
            [
                0.0,
                0.0,
                0.0,
                1.0
            ]
        ],
        [
            [
                -0.8705739231918631,
                0.07292503155258248,
                0.4866035183097043,
                0.019112735056895872
            ],
            [
                -0.059224864704214675,
                -0.9972963392042312,
                0.043502036855835736,
                0.04017439540728356
            ],
            [
                0.4884602948644805,
                0.009052711355934868,
                0.8725391617331628,
                0.059599016474085255
            ],
            [
                0.0,
                0.0,
                0.0,
                1.0
            ]
        ],
        [
            [
                -0.8705540630134659,
                0.07294708527283017,
                0.4866357427490768,
                0.019105435265842293
            ],
            [
                -0.05924004295202557,
                -0.9972946815750392,
                0.04351936825350761,
                0.040178419337119416
            ],
            [
                0.4884938491749811,
                0.0090576405504241,
                0.8725203255316578,
                0.05959202626780497
            ],
            [
                0.0,
                0.0,
                0.0,
                1.0
            ]
        ],
        [
            [
                -0.8705761054999499,
                0.07292571226674505,
                0.4865995119427552,
                0.019113061684286087
            ],
            [
                -0.059225762698625804,
                -0.997296291375466,
                0.04350191077995898,
                0.04017504480226455
            ],
            [
                0.4884562964742145,
                0.00905249684503421,
                0.872541402304535,
                0.05959987459227806
            ],
            [
                0.0,
                0.0,
                0.0,
                1.0
            ]
        ],
        [
            [
                -0.8705752797379582,
                0.07292605327709799,
                0.48660093820563166,
                0.019113055654784602
            ],
            [
                -0.05922332044869907,
                -0.9972962169806853,
                0.0435069409525026,
                0.04017519158296158
            ],
            [
                0.4884580643455544,
                0.009057943996278075,
                0.8725403561018565,
                0.05960009701833247
            ],
            [
                0.0,
                0.0,
                0.0,
                1.0
            ]
        ],
        [
            [
                -0.8706581847382039,
                0.07286235958335031,
                0.4864621279239757,
                0.0192232489248172
            ],
            [
                -0.05921454502454555,
                -0.997301606593491,
                0.04339519724091974,
                0.04017753242928734
            ],
            [
                0.48831133819102746,
                0.008976750079444987,
                0.8726233179053257,
                0.059617639731570866
            ],
            [
                0.0,
                0.0,
                0.0,
                1.0
            ]
        ],
        [
            [
                -0.8705861732441343,
                0.0729158671621145,
                0.48658297470434714,
                0.01916073415777829
            ],
            [
                -0.0592175117895364,
                -0.9972970018843702,
                0.043496854252954166,
                0.04017979907971084
            ],
            [
                0.488439352687302,
                0.009053526851094831,
                0.8725508766816786,
                0.05960143165880619
            ],
            [
                0.0,
                0.0,
                0.0,
                1.0
            ]
        ],
        [
            [
                -0.8706173868838086,
                0.07289472370071244,
                0.48653029187523983,
                0.01916822048317295
            ],
            [
                -0.05921816743503839,
                -0.9972988516391005,
                0.043453528797648494,
                0.0401763435403077
            ],
            [
                0.48838363435033844,
                0.00901996540620301,
                0.8725824121094956,
                0.05960891435443556
            ],
            [
                0.0,
                0.0,
                0.0,
                1.0
            ]
        ],
        [
            [
                -0.870581259136369,
                0.07292707947234596,
                0.4865900865411955,
                0.019113048463684664
            ],
            [
                -0.059228768483902225,
                -0.9972962163102336,
                0.0434995392753902,
                0.04017547072209811
            ],
            [
                0.4884467465593504,
                0.00904975209191071,
                0.8725467768335752,
                0.059600567492351854
            ],
            [
                0.0,
                0.0,
                0.0,
                1.0
            ]
        ],
        [
            [
                -0.870620768081576,
                0.07289729927515266,
                0.48652385547209787,
                0.019168173187250212
            ],
            [
                -0.0592209925808253,
                -0.9972986682032473,
                0.04345388863807587,
                0.04017687041594559
            ],
            [
                0.4883772642361516,
                0.009019432266905245,
                0.8725859829373808,
                0.05960942790113461
            ],
            [
                0.0,
                0.0,
                0.0,
                1.0
            ]
        ],
        [
            [
                -0.8706256489493389,
                0.07289743810624014,
                0.4865151003916411,
                0.01916818292305629
            ],
            [
                -0.059228545714278755,
                -0.9972987871452345,
                0.04344086245938784,
                0.04017684157143014
            ],
            [
                0.48836764713084063,
                0.00900514720539029,
                0.8725915130000381,
                0.0596094791449559
            ],
            [
                0.0,
                0.0,
                0.0,
                1.0
            ]
        ],
        [
            [
                -0.8706008689714512,
                0.07291904294973593,
                0.4865562044835607,
                0.019160701465564676
            ],
            [
                -0.0592370443526281,
                -0.9972970552034249,
                0.04346902643195023,
                0.04018028268857541
            ],
            [
                0.4884107897277852,
                0.009022020719959774,
                0.8725671914641359,
                0.05960202207123724
            ],
            [
                0.0,
                0.0,
