{
    "trj_id": [
        0,
        42,
        47,
        52,
        57,
        62,
        67,
        73,
        74,
        78
    ],
    "trj_est": [
        [
            [
                -0.9585129518749981,
                0.0807944605545034,
                0.2733590610014328,
                0.01051038637198394
            ],
            [
                -0.08468365944949716,
                -0.9964049051869538,
                -0.0024377739067156096,
                0.03641651331988294
            ],
            [
                0.2721793506313804,
                -0.02548568349260948,
                0.9619089775164773,
                0.05674575557210698
            ],
            [
                0.0,
                0.0,
                0.0,
                1.0
            ]
        ],
        [
            [
                -0.9611696038189853,
                0.07442271387646217,
                0.26571919367039337,
                0.029632139617216537
            ],
            [
                -0.07233885589479387,
                -0.9972191007135163,
                0.01763659260389317,
                -0.0223575851773446
            ],
            [
                0.2662952417577106,
                -0.002270150323110252,
                0.9638863066519934,
                0.02067227431774926
            ],
            [
                0.0,
                0.0,
                0.0,
                1.0
            ]
        ],
        [
            [
                -0.9579585633578336,
                0.09672492347430423,
                0.2700999731656827,
                -0.07795993033591639
            ],
            [
                -0.09060293249123372,
                -0.9952646952769694,
                0.03507076117896635,
                -0.0865116739739459
            ],
            [
                0.2722153272100848,
                0.009124155483196852,
                0.9621881387941789,
                0.07368641592310407
            ],
            [
                0.0,
                0.0,
                0.0,
                1.0
            ]
        ],
        [
            [
                -0.9524629466669906,
                0.16212575741131027,
                0.2579329336549553,
                -0.20341939793664426
            ],
            [
                -0.14789754694985444,
                -0.9862419100829009,
                0.0737741637984199,
                -0.16200052490534192
            ],
            [
                0.2663483326764741,
                0.03211929205699029,
                0.9633397912715523,
                0.1280334548982944
            ],
            [
                0.0,
                0.0,
                0.0,
                1.0
            ]
        ],
        [
            [
                -0.9422523353405086,
                0.21696783412302154,
                0.25512277713643516,
                -0.3757949483855194
            ],
            [
                -0.1905747773006137,
                -0.973768905046775,
                0.12428879110997318,
                -0.2507180380840708
            ],
            [
                0.2754003504338196,
                0.06849130388496297,
                0.9588848852136193,
                0.24471982098061565
            ],
            [
                0.0,
                0.0,
                0.0,
                1.0
            ]
        ],
        [
            [
                -0.9479389833044405,
                0.21281294517844956,
                0.23691331762028842,
                -0.41495476183471813
            ],
            [
                -0.184412763719432,
                -0.9733257925502619,
                0.13644756510538925,
                -0.2771536736204687
            ],
            [
                0.2596334055805487,
                0.0856532100101284,
                0.961899786681686,
                0.272346510086254
            ],
            [
                0.0,
                0.0,
                0.0,
                1.0
            ]
        ],
        [
            [
                -0.9470994352455743,
                0.21022216307029895,
                0.24251384143395038,
                -0.39428568224063093
            ],
            [
                -0.17798799294924983,
                -0.9728058954314522,
                0.14817886760851975,
                -0.26407523564126223
            ],
            [
                0.2670717817188445,
                0.09717400621679785,
                0.9587629672185174,
                0.27070215658560676
            ],
            [
                0.0,
                0.0,
                0.0,
                1.0
            ]
        ],
        [
            [
                -0.942810957704003,
                0.20970654223154583,
                0.259101696000107,
                -0.36706169711226183
            ],
            [
                -0.17528355687756708,
                -0.9730582297765821,
                0.14974694909489988,
                -0.24927849290711152
            ],
            [
                0.283525090129372,
                0.09576565475018264,
                0.954168618589295,
                0.2688146831538578
            ],
            [
                0.0,
                0.0,
                0.0,
                1.0
            ]
        ],
        [
            [
                -0.9436405373229109,
                0.20978473805521694,
                0.25600021196068956,
                -0.35737341476721685
            ],
            [
                -0.17536677441568183,
                -0.972875079068425,
                0.1508340719493045,
                -0.25186019565082707
            ],
            [
                0.28069961435141955,
                0.09743822447020792,
                0.9548343441127495,
                0.2686127859643093
            ],
            [
                0.0,
                0.0,
                0.0,
                1.0
            ]
        ],
        [
            [
                -0.9408184013315585,
                0.21261608039162047,
                0.2639290990376179,
                -0.3627774781191263
            ],
            [
                -0.17848097153632309,
                -0.9728240762044953,
                0.14747269063765509,
                -0.2377287095766525
            ],
            [
                0.2881123159037316,
                0.0916375441433163,
                0.9531997051397411,
                0.2800451383373437
            ],
            [
                0.0,
                0.0,
                0.0,
                1.0
            ]
        ]
    ],
    "trj_gt": [
        [
            [
                -0.9585129518749981,
                0.0807944605545034,
                0.2733590610014328,
                0.01051038637198394
            ],
            [
                -0.08468365944949716,
                -0.9964049051869538,
                -0.0024377739067156096,
                0.03641651331988294
            ],
            [
                0.2721793506313804,
                -0.02548568349260948,
                0.9619089775164773,
                0.05674575557210698
            ],
            [
                0.0,
                0.0,
                0.0,
                1.0
            ]
        ],
        [
            [
                -0.9509101363427924,
                0.08531713937585061,
                0.2974741977537778,
                0.01086469910513688
            ],
            [
                -0.08275503554103003,
                -0.996343959417857,
                0.021220712149937895,
                0.036750467520495475
            ],
            [
                0.2981971104708006,
                -0.004438497523864689,
                0.9544939931956595,
                0.05680485336602043
            ],
            [
                0.0,
                0.0,
                0.0,
                1.0
            ]
        ],
        [
            [
                -0.9224900984588397,
                0.08970413368244674,
                0.37545330820979894,
                0.013410558368354938
            ],
            [
                -0.07270713440442683,
                -0.9955931698959822,
                0.0592276342864301,
                0.03830984598140128
            ],
            [
                0.3791117128922518,
                0.02733877204177649,
                0.9249469718265748,
                0.05798848092414561
            ],
            [
                0.0,
                0.0,
                0.0,
                1.0
            ]
        ],
        [
            [
                -0.883766759348074,
                0.09195789612447884,
                0.4588028557144804,
                0.015913299765490364
            ],
            [
                -0.05342757886593563,
                -0.9939177509185909,
                0.09629640816486185,
                0.039029808477589314
            ],
            [
                0.46486751756594796,
                0.06059083882311748,
                0.883304557535386,
                0.05793730760450285
            ],
            [
                0.0,
                0.0,
                0.0,
                1.0
            ]
        ],
        [
            [
                -0.8548001934508268,
                0.0958750667544033,
                0.5100241179113669,
                0.019306199759929314
            ],
            [
                -0.07759165391823716,
                -0.9953508158372677,
                0.05706389974684847,
                0.040366338189536805
            ],
            [
                0.5131239270572575,
                0.009204617695731696,
                0.85826517492813,
                0.05786599555356554
            ],
            [
                0.0,
                0.0,
                0.0,
                1.0
            ]
        ],
        [
            [
                -0.8498011920688725,
                0.0884013029652054,
                0.5196375117256047,
                0.020086693413589957
            ],
            [
                -0.0824454377043242,
                -0.9959944052993048,
                0.0346106112951979,
                0.04012569661768522
            ],
            [
                0.5206156775972718,
                -0.013429603364911828,
                0.8536855170338753,
                0.05759976088628116
            ],
            [
                0.0,
                0.0,
                0.0,
                1.0
            ]
        ],
        [
            [
                -0.8634750517122911,
                0.07506466929342971,
                0.4987746289601398,
                0.01944620952488049
            ],
            [
                -0.0669376135081672,
                -0.9971711808939723,
                0.03419052342906083,
                0.03982923096702654
            ],
            [
                0.49993018609430695,
                -0.0038641193550347426,
                0.8660570868097102,
                0.058622317319914484
            ],
            [
                0.0,
                0.0,
                0.0,
                1.0
            ]
        ],
        [
            [
                -0.870154930307757,
                0.07324743751883925,
                0.4873040223084826,
                0.019062132272917323
            ],
            [
                -0.059315603483784875,
                -0.997269796333751,
                0.04398423017164884,
                0.04010718565773164
            ],
            [
                0.4891953152315102,
                0.009368362576348021,
                0.8721239460868975,
                0.05947013220010855
            ],
            [
                0.0,
                0.0,
                0.0,
                1.0
            ]
        ],
        [
            [
                -0.8704355948133368,
                0.07297105619946577,
                0.4868440204409279,
                0.019090704227708335
            ],
            [
                -0.05914934543330349,
                -0.9972910318289037,
                0.04372588213463756,
                0.04013906715110852
            ],
            [
                0.48871589928788284,
                0.00926405908740239,
                0.8723938027017736,
                0.05954792345226019
            ],
            [
                0.0,
                0.0,
                0.0,
                1.0
            ]
        ],
        [
            [
                -0.8705820994277219,
                0.07291361010825011,
                0.4865906016529735,
                0.01915853082736657
            ],
            [
                -0.05922025360127721,
                -0.9972972611609933,
                0.043487175628943844,
                0.04017589003954571
            ],
            [
                0.48844628130370793,
                0.009043137827340833,
                0.8725471058566492,
                0.059596252763177635
            ],
            [
                0.0,
                0.0,
                0.0,
                1.0
            ]
        ]
    ]
}