{
    "trj_id": [
        0,
        45,
        50,
        55,
        60,
        70,
        196
    ],
    "trj_est": [
        [
            [
                -0.9585129518749981,
                0.0807944605545034,
                0.2733590610014328,
                0.01051038637198394
            ],
            [
                -0.08468365944949716,
                -0.9964049051869538,
                -0.0024377739067156096,
                0.03641651331988294
            ],
            [
                0.2721793506313804,
                -0.02548568349260948,
                0.9619089775164773,
                0.05674575557210698
            ],
            [
                0.0,
                0.0,
                0.0,
                1.0
            ]
        ],
        [
            [
                -0.9592159981473537,
                0.08193319271015172,
                0.2705313695405247,
                -0.0332093523079628
            ],
            [
                -0.08283549710688151,
                -0.9965265044407242,
                0.00809898721147476,
                -0.029974826756671763
            ],
            [
                0.27025561319697644,
                -0.014641324796492447,
                0.9626738462087947,
                0.03235572478065347
            ],
            [
                0.0,
                0.0,
                0.0,
                1.0
            ]
        ],
        [
            [
                -0.9552891072288654,
                0.1223748429383243,
                0.2691687639696187,
                -0.1685275623645412
            ],
            [
                -0.11624948251094665,
                -0.9924653026121648,
                0.03863870685232729,
                -0.10332438983461345
            ],
            [
                0.2718704599522903,
                0.005619965978916655,
                0.9623163902167179,
                0.09147898019799398
            ],
            [
                0.0,
                0.0,
                0.0,
                1.0
            ]
        ],
        [
            [
                -0.9355598091362578,
                0.18243804863523377,
                0.3024145679071463,
                -0.4003622307468681
            ],
            [
                -0.15195373117523558,
                -0.9808616064464808,
                0.12165872285826984,
                -0.23736436350973597
            ],
            [
                0.3188244819086028,
                0.06786774918543488,
                0.9453783421741122,
                0.22944839113866575
            ],
            [
                0.0,
                0.0,
                0.0,
                1.0
            ]
        ],
        [
            [
                -0.9381359858786809,
                0.19442922957439146,
                0.28654670795593107,
                -0.493005274483888
            ],
            [
                -0.15505181125804757,
                -0.9757476731601074,
                0.15445879600358403,
                -0.3092745085023125
            ],
            [
                0.30962924331768016,
                0.10047386890432808,
                0.9455308324380438,
                0.30107645614456796
            ],
            [
                0.0,
                0.0,
                0.0,
                1.0
            ]
        ],
        [
            [
                -0.9419566043756497,
                0.18787933749836916,
                0.2782631140947694,
                -0.42608406427711837
            ],
            [
                -0.1474201408584678,
                -0.9760375690372516,
                0.16000020160480716,
                -0.267207258601688
            ],
            [
                0.3016561629744679,
                0.10968980919134388,
                0.9470839099688244,
                0.2844207900580471
            ],
            [
                0.0,
                0.0,
                0.0,
                1.0
            ]
        ],
        [
            [
                -0.9366073548068771,
                0.20756862924688857,
                0.28230682224226367,
                -0.4916663130475333
            ],
            [
                -0.15789746191338586,
                -0.9692276855135374,
                0.18880866052979514,
                -0.3099247948772172
            ],
            [
                0.31281069312126975,
                0.1322619372064053,
                0.9405597138631349,
                0.3570739002268022
            ],
            [
                0.0,
                0.0,
                0.0,
                1.0
            ]
        ]
    ],
    "trj_gt": [
        [
            [
                -0.9585129518749981,
                0.0807944605545034,
                0.2733590610014328,
                0.01051038637198394
            ],
            [
                -0.08468365944949716,
                -0.9964049051869538,
                -0.0024377739067156096,
                0.03641651331988294
            ],
            [
                0.2721793506313804,
                -0.02548568349260948,
                0.9619089775164773,
                0.05674575557210698
            ],
            [
                0.0,
                0.0,
                0.0,
                1.0
            ]
        ],
        [
            [
                -0.9376191630125458,
                0.08793325188276685,
                0.33635999816413203,
                0.012362650051462422
            ],
            [
                -0.0808460745384095,
                -0.9961102474563553,
                0.035046927742219736,
                0.03781570574434568
            ],
            [
                0.3381334313305666,
                0.0056672855725045405,
                0.9410811147243667,
                0.05773461315466455
            ],
            [
                0.0,
                0.0,
                0.0,
                1.0
            ]
        ],
        [
            [
                -0.8998506425331277,
                0.09178906938198478,
                0.426431222912566,
                0.014762016152678603
            ],
            [
                -0.05805312412364919,
                -0.9941133664441297,
                0.09147922953656684,
                0.03870668056101646
            ],
            [
                0.4323177719134405,
                0.0575619787629724,
                0.8998821937835471,
                0.05797134794158252
            ],
            [
                0.0,
                0.0,
                0.0,
                1.0
            ]
        ],
        [
            [
                -0.86436442317086,
                0.09412348604383813,
                0.49397865675701175,
                0.01832143707975251
            ],
            [
                -0.07256037865259074,
                -0.995391404106706,
                0.06269724140879815,
                0.03997057856950779
            ],
            [
                0.49760339167483475,
                0.01834998652413306,
                0.8672105526273681,
                0.057906654942546196
            ],
            [
                0.0,
                0.0,
                0.0,
                1.0
            ]
        ],
        [
            [
                -0.8486610444696617,
                0.09229629508484948,
                0.5208222590416743,
                0.02006615391417631
            ],
            [
                -0.08341557480983922,
                -0.9956904449990406,
                0.0405262830365173,
                0.04035693447075095
            ],
            [
                0.5223181726484412,
                -0.009051610421476347,
                0.8527026415286699,
                0.057642655463061826
            ],
            [
                0.0,
                0.0,
                0.0,
                1.0
            ]
        ],
        [
            [
                -0.8683182655007866,
                0.07337467604757977,
                0.49055024891708976,
                0.019138931766394078
            ],
            [
                -0.06102343272081077,
                -0.9972875837243309,
                0.04115356616691894,
                0.03987576683585611
            ],
            [
                0.4922393020235937,
                0.005799333082261892,
                0.8704405995121817,
                0.059075760522119256
            ],
            [
                0.0,
                0.0,
                0.0,
                1.0
            ]
        ],
        [
            [
                -0.8421275240084917,
                0.07624561886717844,
                0.5338612543637988,
                0.021681919183364463
            ],
            [
                -0.06835454487838327,
                -0.997061789981481,
                0.034575181176598545,
                0.04107109967916266
            ],
            [
                0.5349288639639825,
                -0.0073751313538463386,
                0.8448649110572153,
                0.059297866825318346
            ],
            [
                0.0,
                0.0,
                0.0,
                1.0
            ]
        ]
    ]
}