{
    "trj_id": [
        0,
        44,
        49,
        54,
        59,
        70,
        195
    ],
    "trj_est": [
        [
            [
                -0.9585129518749981,
                0.0807944605545034,
                0.2733590610014328,
                0.01051038637198394
            ],
            [
                -0.08468365944949716,
                -0.9964049051869538,
                -0.0024377739067156096,
                0.03641651331988294
            ],
            [
                0.2721793506313804,
                -0.02548568349260948,
                0.9619089775164773,
                0.05674575557210698
            ],
            [
                0.0,
                0.0,
                0.0,
                1.0
            ]
        ],
        [
            [
                -0.960795707067709,
                0.08162571476782372,
                0.26495850965764417,
                -0.0034866079091599375
            ],
            [
                -0.08156805589259036,
                -0.9966012640808368,
                0.01123735348749955,
                -0.029590996595067264
            ],
            [
                0.26497640635869724,
                -0.010815819507729913,
                0.9641900011983355,
                0.026241505555226162
            ],
            [
                0.0,
                0.0,
                0.0,
                1.0
            ]
        ],
        [
            [
                -0.9583306234092713,
                0.11479151302726269,
                0.2615809827579074,
                -0.12220945004739586
            ],
            [
                -0.10875951582177122,
                -0.9933562884768871,
                0.037467240901991015,
                -0.09872615471033522
            ],
            [
                0.26414706627214174,
                0.007455224947390634,
                0.9644520043567761,
                0.08507301684128699
            ],
            [
                0.0,
                0.0,
                0.0,
                1.0
            ]
        ],
        [
            [
                -0.9404902378053372,
                0.18415527581559388,
                0.2855965111947898,
                -0.32964331207904046
            ],
            [
                -0.1613162056480789,
                -0.9816329943052295,
                0.10175582985402139,
                -0.20951266158707257
            ],
            [
                0.29909281977591456,
                0.04962884868318846,
                0.9529278682384931,
                0.1808862506829974
            ],
            [
                0.0,
                0.0,
                0.0,
                1.0
            ]
        ],
        [
            [
                -0.9303670215372545,
                0.20780652007511788,
                0.3020680186271849,
                -0.5102272519790333
            ],
            [
                -0.17690222766252384,
                -0.9760400710608133,
                0.12662402882476223,
                -0.27432052682415886
            ],
            [
                0.3211457937908362,
                0.0643700174664451,
                0.9448374843584316,
                0.2936492179938363
            ],
            [
                0.0,
                0.0,
                0.0,
                1.0
            ]
        ],
        [
            [
                -0.9290648384133271,
                0.20311499287145474,
                0.3091645715939368,
                -0.47343136130553704
            ],
            [
                -0.1612881077773978,
                -0.974556158467423,
                0.1555959888182189,
                -0.2643965782035095
            ],
            [
                0.33290229112027603,
                0.0946932901099605,
                0.9381889592181918,
                0.2985607644290135
            ],
            [
                0.0,
                0.0,
                0.0,
                1.0
            ]
        ],
        [
            [
                -0.9281420821943337,
                0.21703676210829942,
                0.30240801877930157,
                -0.511119151087442
            ],
            [
                -0.17590053398530603,
                -0.9717119116582918,
                0.15754032009351782,
                -0.2638898382933428
            ],
            [
                0.32804563770604134,
                0.0930246675942143,
                0.9400647523814676,
                0.3521254151460654
            ],
            [
                0.0,
                0.0,
                0.0,
                1.0
            ]
        ]
    ],
    "trj_gt": [
        [
            [
                -0.9585129518749981,
                0.0807944605545034,
                0.2733590610014328,
                0.01051038637198394
            ],
            [
                -0.08468365944949716,
                -0.9964049051869538,
                -0.0024377739067156096,
                0.03641651331988294
            ],
            [
                0.2721793506313804,
                -0.02548568349260948,
                0.9619089775164773,
                0.05674575557210698
            ],
            [
                0.0,
                0.0,
                0.0,
                1.0
            ]
        ],
        [
            [
                -0.9424780246267105,
                0.0872849053231023,
                0.32267091346830773,
                0.011921658372035607
            ],
            [
                -0.08277886844191153,
                -0.9961832002390818,
                0.027689176602042228,
                0.0375347168701777
            ],
            [
                0.3238561903611105,
                -0.0006138926285915818,
                0.9461061204223491,
                0.05751252520529829
            ],
            [
                0.0,
                0.0,
                0.0,
                1.0
            ]
        ],
        [
            [
                -0.9075440369615498,
                0.09142768442172605,
                0.40988388538318343,
                0.014250634292892759
            ],
            [
                -0.06297925269120912,
                -0.9946066379363843,
                0.08240903775278313,
                0.03859190556320983
            ],
            [
                0.4152077006824298,
                0.048975650012675453,
                0.9084073706217086,
                0.05799311940725477
            ],
            [
                0.0,
                0.0,
                0.0,
                1.0
            ]
        ],
        [
            [
                -0.87173227756518,
                0.09268631828065751,
                0.4811362412608314,
                0.017447766065906076
            ],
            [
                -0.06603339427812682,
                -0.9952107615742053,
                0.07207725637813951,
                0.03959967155054778
            ],
            [
                0.48551254061160326,
                0.031061011742492525,
                0.8736777360436736,
                0.05790178851811298
            ],
            [
                0.0,
                0.0,
                0.0,
                1.0
            ]
        ],
        [
            [
                -0.848911953166411,
                0.09400861455456588,
                0.5201066007663443,
                0.019946088521535107
            ],
            [
                -0.08198711709615081,
                -0.9955652919672534,
                0.046128755244648385,
                0.04043559060997723
            ],
            [
                0.5221365802177169,
                -0.0034827890676414545,
                0.8528547717981402,
                0.05771431705308339
            ],
            [
                0.0,
                0.0,
                0.0,
                1.0
            ]
        ],
        [
            [
                -0.8683182655007866,
                0.07337467604757977,
                0.49055024891708976,
                0.019138931766394078
            ],
            [
                -0.06102343272081077,
                -0.9972875837243309,
                0.04115356616691894,
                0.03987576683585611
            ],
            [
                0.4922393020235937,
                0.005799333082261892,
                0.8704405995121817,
                0.059075760522119256
            ],
            [
                0.0,
                0.0,
                0.0,
                1.0
            ]
        ],
        [
            [
                -0.8455674511433081,
                0.074293875002637,
                0.5286739124489713,
                0.02155848361137782
            ],
            [
                -0.06652581073660384,
                -0.9972142506287278,
                0.033735068531470735,
                0.041006154976001206
            ],
            [
                0.5297074683944408,
                -0.006645184728659604,
                0.8481543724152308,
                0.05946741105985791
            ],
            [
                0.0,
                0.0,
                0.0,
                1.0
            ]
        ]
    ]
}