{
    "trj_id": [
        0,
        11,
        16,
        21,
        26,
        31,
        36,
        41,
        43,
        47
    ],
    "trj_est": [
        [
            [
                -0.9870349325206141,
                0.007680374854568717,
                -0.16032171975786616,
                -0.0
            ],
            [
                0.16050326724991326,
                0.04186517331950588,
                -0.9861470521504541,
                -0.0
            ],
            [
                -0.0008620824376990949,
                -0.9990937489069887,
                -0.042555113780244666,
                -0.0
            ],
            [
                0.0,
                0.0,
                0.0,
                1.0
            ]
        ],
        [
            [
                -0.9923468662016097,
                0.005320015551951364,
                -0.12334594319361358,
                -0.02593039562833166
            ],
            [
                0.1234565667342026,
                0.03668245548746173,
                -0.9916670072825519,
                -0.2792880203747673
            ],
            [
                -0.0007498320031540433,
                -0.9993082585899528,
                -0.037058741228752946,
                -0.015621916711264606
            ],
            [
                0.0,
                0.0,
                0.0,
                1.0
            ]
        ],
        [
            [
                -0.9977359606726648,
                0.007782141690402509,
                -0.06670905871088852,
                -0.03426069939191131
            ],
            [
                0.06696134036407875,
                0.03901900557592301,
                -0.9969891446133957,
                -0.5068077722812674
            ],
            [
                -0.005154405437831269,
                -0.9992044868148763,
                -0.039451788542624655,
                -0.024715409173569274
            ],
            [
                0.0,
                0.0,
                0.0,
                1.0
            ]
        ],
        [
            [
                -0.9994896797556455,
                0.010606602949908282,
                0.029948405102722665,
                -0.019396400260294468
            ],
            [
                -0.02944504428316977,
                0.04473989134943232,
                -0.9985587262475236,
                -0.7542363141341365
            ],
            [
                -0.011929283970605532,
                -0.9989384214110845,
                -0.044406229253113945,
                -0.03196732520427627
            ],
            [
                0.0,
                0.0,
                0.0,
                1.0
            ]
        ],
        [
            [
                -0.9854219995738591,
                0.008226265398150625,
                0.16990434388882275,
                0.040519975089125915
            ],
            [
                -0.1694157485405826,
                0.04222425980791642,
                -0.9846349226534815,
                -1.0349362970388267
            ],
            [
                -0.015272249217909989,
                -0.999072790116908,
                -0.04021617446480159,
                -0.04235199626405807
            ],
            [
                0.0,
                0.0,
                0.0,
                1.0
            ]
        ],
        [
            [
                -0.9437568862992409,
                0.0035833619118803488,
                0.3306103329106648,
                0.18345366784835976
            ],
            [
                -0.33026982420675566,
                0.03640906198999951,
                -0.9431776713034354,
                -1.3866870787710126
            ],
            [
                -0.015414175756437942,
                -0.9993267855852369,
                -0.03317978246200308,
                -0.05395977682599931
            ],
            [
                0.0,
                0.0,
                0.0,
                1.0
            ]
        ],
        [
            [
                -0.8694440727276276,
                -0.007876769536186061,
                0.49396030405786506,
                0.40803077628998385
            ],
            [
                -0.493958608526674,
                0.02997505255586503,
                -0.8689631725982346,
                -1.7362753568632152
            ],
            [
                -0.007959821645893072,
                -0.9995147451018911,
                -0.02995488205046917,
                -0.05739533022702022
            ],
            [
                0.0,
                0.0,
                0.0,
                1.0
            ]
        ],
        [
            [
                -0.7583818514296055,
                -0.02210330211782671,
                0.6514315613143611,
                0.7372689737512551
            ],
            [
                -0.6517949131177834,
                0.03157093953593037,
                -0.7577327853076689,
                -2.088870723208848
            ],
            [
                -0.0038167939151218986,
                -0.9992529419522718,
                -0.038351783236162215,
                -0.05638663426114625
            ],
            [
                0.0,
                0.0,
                0.0,
                1.0
            ]
        ],
        [
            [
                -0.7055096520939262,
                -0.02056856225869721,
                0.7083976879541651,
                0.894159855401848
            ],
            [
                -0.7086254099121443,
                0.034416063099575074,
                -0.7047391097540512,
                -2.2316215540289432
            ],
            [
                -0.009883939067873652,
                -0.9991917478834912,
                -0.03885860494261919,
                -0.062320113192463264
            ],
            [
                0.0,
                0.0,
                0.0,
                1.0
            ]
        ],
        [
            [
                -0.5892975368596661,
                -0.0341961003252269,
                0.8071884643647782,
                1.237014529506817
            ],
            [
                -0.8079046589958344,
                0.028734922940997075,
                -0.5886047313978572,
                -2.4786089386720227
            ],
            [
                -0.0030659275382906672,
                -0.9989976609181854,
                -0.044563262162981884,
                -0.06939574923216157
            ],
            [
                0.0,
                0.0,
                0.0,
                1.0
            ]
        ]
    ],
    "trj_gt": [
        [
            [
                -0.9870349325206141,
                0.007680374854568717,
                -0.16032171975786616,
                -0.0
            ],
            [
                0.16050326724991326,
                0.04186517331950588,
                -0.9861470521504541,
                -0.0
            ],
            [
                -0.0008620824376990949,
                -0.9990937489069887,
                -0.042555113780244666,
                -0.0
            ],
            [
                0.0,
                0.0,
                0.0,
                1.0
            ]
        ],
        [
            [
                -0.9923389428827759,
                0.004605921212812934,
                -0.1234593371441634,
                -0.18996735222026476
            ],
            [
                0.1235450756872044,
                0.038545394145953454,
                -0.9915900699702352,
                -1.2930117552750746
            ],
            [
                0.00019160307352936195,
                -0.9992462349590887,
                -0.03881913456464166,
                -0.05500000000000682
            ],
            [
                0.0,
                0.0,
                0.0,
                1.0
            ]
        ],
        [
            [
                -0.9977152165697959,
                0.007025709741393732,
                -0.06719364573912442,
                -0.29672878138808295
            ],
            [
                0.06742835197366863,
                0.04150569319233762,
                -0.9968604189066482,
                -2.3377195874563768
            ],
            [
                -0.0042147331113995545,
                -0.9991135655345958,
                -0.04188459370158016,
                -0.09300000000000355
            ],
            [
                0.0,
                0.0,
                0.0,
                1.0
            ]
        ],
        [
            [
                -0.9995676246425802,
                0.009391499122057858,
                0.027863300426015668,
                -0.33188332524105135
            ],
            [
                -0.02737760568188916,
                0.048388109728317114,
                -0.9984533326821278,
                -3.6198261982390245
            ],
            [
                -0.010725226035707055,
                -0.9987844565176014,
                -0.048110071142352946,
                -0.1410000000000053
            ],
            [
                0.0,
                0.0,
                0.0,
                1.0
            ]
        ],
        [
            [
                -0.9862061285605495,
                0.006470759702126505,
                0.16539528789687571,
                -0.1975708314075749
            ],
            [
                -0.16489730048598966,
                0.048311219574585236,
                -0.9851268478503921,
                -5.119182028418435
            ],
            [
                -0.01436496717874093,
                -0.9988113712468902,
                -0.04657781001571616,
                -0.21300000000000804
            ],
            [
                0.0,
                0.0,
                0.0,
                1.0
            ]
        ],
        [
            [
                -0.9460761588923102,
                0.0016293183052156928,
                0.323940190309002,
                0.21321378782522563
            ],
            [
                -0.3235490987958013,
                0.04462662001636354,
                -0.9451584234689653,
                -6.785369357063248
            ],
            [
                -0.015996319701635116,
                -0.9990024074584481,
                -0.04169301678012387,
                -0.29200000000000154
            ],
            [
                0.0,
                0.0,
                0.0,
                1.0
            ]
        ],
        [
            [
                -0.8731813121356069,
                -0.005975520195374998,
                0.4873588916758723,
                0.9746287825869325
            ],
            [
                -0.4871779513692682,
                0.04057459649147966,
                -0.8723596424750497,
                -8.53784599789469
            ],
            [
                -0.01456158771504349,
                -0.9991586436987614,
                -0.03834012109095148,
                -0.36500000000000915
            ],
            [
                0.0,
                0.0,
                0.0,
                1.0
            ]
        ],
        [
            [
                -0.7667186475943295,
                -0.015894652247239262,
                0.6417864718588746,
                2.1106360943517752
            ],
            [
                -0.6418137814707652,
                0.04194776244774073,
                -0.7657123840841448,
                -10.2204561973067
            ],
            [
                -0.014750774397287721,
                -0.99899336597175,
                -0.04236353855750339,
                -0.43500000000000216
            ],
            [
                0.0,
                0.0,
                0.0,
                1.0
            ]
        ],
        [
            [
                -0.716107842232842,
                -0.013891479272648605,
                0.6978514061720023,
                2.693617321535837
            ],
            [
                -0.6976801013391737,
                0.0440188585496273,
                -0.715055813407141,
                -10.879186017005846
            ],
            [
                -0.02078543932621169,
                -0.9989341153928049,
                -0.0412140584802188,
                -0.47200000000000825
            ],
            [
                0.0,
                0.0,
                0.0,
                1.0
            ]
        ],
        [
            [
                -0.6072247011682889,
                -0.02643967620992656,
                0.794090111897256,
                4.062176938683478
            ],
            [
                -0.7944483824872436,
                0.034543103084345154,
                -0.6063485314509359,
                -12.104527807183329
            ],
            [
                -0.01139867775159888,
                -0.9990534107600146,
                -0.04198038344627948,
                -0.5430000000000064
            ],
            [
                0.0,
                0.0,
                0.0,
                1.0
            ]
        ]
    ]
}