{
    "trj_id": [
        0,
        44,
        50,
        55,
        60,
        70,
        80,
        154,
        197
    ],
    "trj_est": [
        [
            [
                -0.9585129518749981,
                0.0807944605545034,
                0.2733590610014328,
                0.01051038637198394
            ],
            [
                -0.08468365944949716,
                -0.9964049051869538,
                -0.0024377739067156096,
                0.03641651331988294
            ],
            [
                0.2721793506313804,
                -0.02548568349260948,
                0.9619089775164773,
                0.05674575557210698
            ],
            [
                0.0,
                0.0,
                0.0,
                1.0
            ]
        ],
        [
            [
                -0.9595153249518543,
                0.07348597782980415,
                0.2718999322003583,
                -0.01591832787631624
            ],
            [
                -0.07867458951574739,
                -0.9968641703343264,
                -0.008217153040099182,
                0.0032827763554341377
            ],
            [
                0.2704451523876389,
                -0.029276815737010315,
                0.9622879591271708,
                0.017016960554679307
            ],
            [
                0.0,
                0.0,
                0.0,
                1.0
            ]
        ],
        [
            [
                -0.9601226815423178,
                0.11129342357287489,
                0.2564846716404774,
                -0.15161622535445268
            ],
            [
                -0.10419528407462554,
                -0.9937044894213048,
                0.04113758863103731,
                -0.10772041700483331
            ],
            [
                0.2594489907713639,
                0.012771584002902799,
                0.9656707495191312,
                0.08135378896178602
            ],
            [
                0.0,
                0.0,
                0.0,
                1.0
            ]
        ],
        [
            [
                -0.9712570840909718,
                0.17148758889609245,
                0.16508891556072136,
                -0.19793786564089613
            ],
            [
                -0.14945723402383881,
                -0.9791220630001066,
                0.13778088777796124,
                -0.2612813650600177
            ],
            [
                0.18526908233314324,
                0.10914654366535581,
                0.9766069547970369,
                0.18571013912237833
            ],
            [
                0.0,
                0.0,
                0.0,
                1.0
            ]
        ],
        [
            [
                -0.9774565485829948,
                0.1834528477729647,
                0.10453672427774821,
                -0.22861682548079357
            ],
            [
                -0.160853396121152,
                -0.9676889875660524,
                0.19418111492192092,
                -0.36698845861473606
            ],
            [
                0.1367821540058621,
                0.172988694442001,
                0.9753766344617141,
                0.24775198067006024
            ],
            [
                0.0,
                0.0,
                0.0,
                1.0
            ]
        ],
        [
            [
                -0.9773388055745944,
                0.17183798143420032,
                0.12358773690136468,
                -0.20255312078498358
            ],
            [
                -0.14664080927763506,
                -0.9707417772881402,
                0.19012227866052525,
                -0.3119600565496751
            ],
            [
                0.15264215243162985,
                0.16769222838049716,
                0.9739454455708493,
                0.2359517177520866
            ],
            [
                0.0,
                0.0,
                0.0,
                1.0
            ]
        ],
        [
            [
                -0.9748946111438399,
                0.1750445740704681,
                0.13763126006647658,
                -0.18939680827730573
            ],
            [
                -0.14934303051726117,
                -0.972447154849279,
                0.1789799036315962,
                -0.2849743456046318
            ],
            [
                0.16516532986028112,
                0.1539335235928911,
                0.9741775680910023,
                0.24322019528487665
            ],
            [
                0.0,
                0.0,
                0.0,
                1.0
            ]
        ],
        [
            [
                -0.9765060055735046,
                0.15051686986178064,
                0.1542176218709581,
                -0.21994091722426234
            ],
            [
                -0.12200800267881605,
                -0.9760482168848501,
                0.18009248181934812,
                -0.31610079675038855
            ],
            [
                0.17762852265820508,
                0.15704680165870577,
                0.9714820233971767,
                0.23504276227660797
            ],
            [
                0.0,
                0.0,
                0.0,
                1.0
            ]
        ],
        [
            [
                -0.9780686033372253,
                0.19360944597016339,
                0.07681104144785693,
                -0.2225945029354534
            ],
            [
                -0.17327469714572344,
                -0.9609378406106382,
                0.21579076165701813,
                -0.3592672609904299
            ],
            [
                0.11558756201218374,
                0.19775014687532644,
                0.9734100702959041,
                0.29520355238551577
            ],
            [
                0.0,
                0.0,
                0.0,
                1.0
            ]
        ]
    ],
    "trj_gt": [
        [
            [
                -0.9585129518749981,
                0.0807944605545034,
                0.2733590610014328,
                0.01051038637198394
            ],
            [
                -0.08468365944949716,
                -0.9964049051869538,
                -0.0024377739067156096,
                0.03641651331988294
            ],
            [
                0.2721793506313804,
                -0.02548568349260948,
                0.9619089775164773,
                0.05674575557210698
            ],
            [
                0.0,
                0.0,
                0.0,
                1.0
            ]
        ],
        [
            [
                -0.9424780246267105,
                0.0872849053231023,
                0.32267091346830773,
                0.011921658372035607
            ],
            [
                -0.08277886844191153,
                -0.9961832002390818,
                0.027689176602042228,
                0.0375347168701777
            ],
            [
                0.3238561903611105,
                -0.0006138926285915818,
                0.9461061204223491,
                0.05751252520529829
            ],
            [
                0.0,
                0.0,
                0.0,
                1.0
            ]
        ],
        [
            [
                -0.8998506425331277,
                0.09178906938198478,
                0.426431222912566,
                0.014762016152678603
            ],
            [
                -0.05805312412364919,
                -0.9941133664441297,
                0.09147922953656684,
                0.03870668056101646
            ],
            [
                0.4323177719134405,
                0.0575619787629724,
                0.8998821937835471,
                0.05797134794158252
            ],
            [
                0.0,
                0.0,
                0.0,
                1.0
            ]
        ],
        [
            [
                -0.86436442317086,
                0.09412348604383813,
                0.49397865675701175,
                0.01832143707975251
            ],
            [
                -0.07256037865259074,
                -0.995391404106706,
                0.06269724140879815,
                0.03997057856950779
            ],
            [
                0.49760339167483475,
                0.01834998652413306,
                0.8672105526273681,
                0.057906654942546196
            ],
            [
                0.0,
                0.0,
                0.0,
                1.0
            ]
        ],
        [
            [
                -0.8486610444696617,
                0.09229629508484948,
                0.5208222590416743,
                0.02006615391417631
            ],
            [
                -0.08341557480983922,
                -0.9956904449990406,
                0.0405262830365173,
                0.04035693447075095
            ],
            [
                0.5223181726484412,
                -0.009051610421476347,
                0.8527026415286699,
                0.057642655463061826
            ],
            [
                0.0,
                0.0,
                0.0,
                1.0
            ]
        ],
        [
            [
                -0.8683182655007866,
                0.07337467604757977,
                0.49055024891708976,
                0.019138931766394078
            ],
            [
                -0.06102343272081077,
                -0.9972875837243309,
                0.04115356616691894,
                0.03987576683585611
            ],
            [
                0.4922393020235937,
                0.005799333082261892,
                0.8704405995121817,
                0.059075760522119256
            ],
            [
                0.0,
                0.0,
                0.0,
                1.0
            ]
        ],
        [
            [
                -0.8705701455476894,
                0.0729243736289496,
                0.4866103753640086,
                0.019112073919461642
            ],
            [
                -0.05922116072980959,
                -0.9972963356190496,
                0.04350716127985444,
                0.04017318442992791
            ],
            [
                0.4884674767094428,
                0.009058404475544724,
                0.872535082105853,
                0.05959738582881607
            ],
            [
                0.0,
                0.0,
                0.0,
                1.0
            ]
        ],
        [
            [
                -0.8706229461826536,
                0.07289800644775649,
                0.4865198518418127,
                0.01916850166779273
            ],
            [
                -0.05922191544368877,
                -0.9972986184926584,
                0.04345377180194895,
                0.040177578779017384
            ],
            [
                0.48837326944809045,
                0.009019213301509685,
                0.8725882210298308,
                0.059610422854265266
            ],
            [
                0.0,
                0.0,
                0.0,
                1.0
            ]
        ],
        [
            [
                -0.838244800747284,
                0.07804648947499175,
                0.5396799046664391,
                0.021830762569435586
            ],
            [
                -0.06922277995187272,
                -0.9969276502427927,
                0.036653334324719476,
                0.04110074571144402
            ],
            [
                0.5408824833139649,
                -0.006633676357424487,
                0.8410720145041704,
                0.05908442183094463
            ],
            [
                0.0,
                0.0,
                0.0,
                1.0
            ]
        ]
    ]
}