{
    "trj_id": [
        0,
        31,
        46,
        51,
        56,
        61,
        67,
        75,
        195
    ],
    "trj_est": [
        [
            [
                -0.9585129518749981,
                0.0807944605545034,
                0.2733590610014328,
                0.01051038637198394
            ],
            [
                -0.08468365944949716,
                -0.9964049051869538,
                -0.0024377739067156096,
                0.03641651331988294
            ],
            [
                0.2721793506313804,
                -0.02548568349260948,
                0.9619089775164773,
                0.05674575557210698
            ],
            [
                0.0,
                0.0,
                0.0,
                1.0
            ]
        ],
        [
            [
                -0.9620470537189281,
                0.07086788221592434,
                0.2635074234379465,
                0.04307167527185471
            ],
            [
                -0.0687483414772006,
                -0.9974799708389092,
                0.017271057158063548,
                -0.020733451692331463
            ],
            [
                0.2640697355124909,
                -0.0015008357431761136,
                0.9644959960041866,
                0.01657945243090127
            ],
            [
                0.0,
                0.0,
                0.0,
                1.0
            ]
        ],
        [
            [
                -0.9593445871344844,
                0.08729189985813135,
                0.2683938677137476,
                -0.045136246666809064
            ],
            [
                -0.08218755601491505,
                -0.996153334952667,
                0.030215874332494997,
                -0.07130101687785931
            ],
            [
                0.270002671534374,
                0.006927752257441803,
                0.9628304199214327,
                0.05270290895126123
            ],
            [
                0.0,
                0.0,
                0.0,
                1.0
            ]
        ],
        [
            [
                -0.9573548792702063,
                0.14348763152909963,
                0.2507567318413201,
                -0.1609136266265241
            ],
            [
                -0.12860340064756676,
                -0.9888606528620338,
                0.07485745960622071,
                -0.16023463958194978
            ],
            [
                0.25870894560222835,
                0.03941520011671727,
                0.9651456286757066,
                0.11446750051792347
            ],
            [
                0.0,
                0.0,
                0.0,
                1.0
            ]
        ],
        [
            [
                -0.9541561460195209,
                0.1998676682451606,
                0.22280144570023366,
                -0.301070326362432
            ],
            [
                -0.17472534371025478,
                -0.9763146185867111,
                0.1275583351664893,
                -0.24621298689005336
            ],
            [
                0.2430210261087109,
                0.08278012032212173,
                0.9664777105045443,
                0.22054090757269232
            ],
            [
                0.0,
                0.0,
                0.0,
                1.0
            ]
        ],
        [
            [
                -0.9578674571891249,
                0.2026874045302183,
                0.20349580082520713,
                -0.36744313475750584
            ],
            [
                -0.17245884194808944,
                -0.9724454940639209,
                0.1568274163044849,
                -0.30828888303061164
            ],
            [
                0.22967586501891682,
                0.11512115402682414,
                0.9664286153244076,
                0.2645429111762308
            ],
            [
                0.0,
                0.0,
                0.0,
                1.0
            ]
        ],
        [
            [
                -0.9584584827043839,
                0.19888902016030224,
                0.20444692538408318,
                -0.33711721778073633
            ],
            [
                -0.1661550979807803,
                -0.9719185396163335,
                0.1665795397699175,
                -0.2865026051685158
            ],
            [
                0.23183556057609367,
                0.1256867995945842,
                0.9645929888940544,
                0.26208988485849916
            ],
            [
                0.0,
                0.0,
                0.0,
                1.0
            ]
        ],
        [
            [
                -0.9558687436360043,
                0.19321081260561634,
                0.2213212495552186,
                -0.30073723769576455
            ],
            [
                -0.161428898667713,
                -0.9748134433755102,
                0.15382233360958367,
                -0.25211755474370867
            ],
            [
                0.24546572735845407,
                0.11130279022818645,
                0.9629871985938304,
                0.2553958545974001
            ],
            [
                0.0,
                0.0,
                0.0,
                1.0
            ]
        ],
        [
            [
                -0.9550535152333525,
                0.21721276690475594,
                0.20171816788732957,
                -0.35653242075761243
            ],
            [
                -0.18383282298160963,
                -0.9678175462198866,
                0.1718061743920563,
                -0.27704478099368607
            ],
            [
                0.23254343815177814,
                0.12699821460598212,
                0.964251934028256,
                0.3035637675229232
            ],
            [
                0.0,
                0.0,
                0.0,
                1.0
            ]
        ]
    ],
    "trj_gt": [
        [
            [
                -0.9585129518749981,
                0.0807944605545034,
                0.2733590610014328,
                0.01051038637198394
            ],
            [
                -0.08468365944949716,
                -0.9964049051869538,
                -0.0024377739067156096,
                0.03641651331988294
            ],
            [
                0.2721793506313804,
                -0.02548568349260948,
                0.9619089775164773,
                0.05674575557210698
            ],
            [
                0.0,
                0.0,
                0.0,
                1.0
            ]
        ],
        [
            [
                -0.9566317440778612,
                0.08071575001282236,
                0.2798940405268,
                0.010282864795610063
            ],
            [
                -0.07960483555737659,
                -0.9967082419776732,
                0.01535416978087994,
                0.0361507130261615
            ],
            [
                0.2802120204031823,
                -0.007592632853274858,
                0.9599081078665405,
                0.05640548293680877
            ],
            [
                0.0,
                0.0,
                0.0,
                1.0
            ]
        ],
        [
            [
                -0.9322591938751725,
                0.0886259743718333,
                0.3507680602646961,
                0.012854492253308761
            ],
            [
                -0.07855063827617202,
                -0.9959875166843689,
                0.0428796436005612,
                0.03806168455180238
            ],
            [
                0.35316085947004416,
                0.01242188695602723,
                0.9354801462686589,
                0.05790705431427535
            ],
            [
                0.0,
                0.0,
                0.0,
                1.0
            ]
        ],
        [
            [
                -0.8907162076032386,
                0.09172351496074108,
                0.4452094274789684,
                0.015332284024552103
            ],
            [
                -0.05397723679985231,
                -0.9938426161243618,
                0.09676420971897233,
                0.038848019439859174
            ],
            [
                0.45134365556674966,
                0.062158275220048534,
                0.8901827078759236,
                0.0579445362959965
            ],
            [
                0.0,
                0.0,
                0.0,
                1.0
            ]
        ],
        [
            [
                -0.8593007300215656,
                0.09505029206600696,
                0.5025611379350492,
                0.01882315298723347
            ],
            [
                -0.07528988618428047,
                -0.995383461370907,
                0.059524766842300264,
                0.04018679912127368
            ],
            [
                0.5058988915018128,
                0.013311904726179763,
                0.8624900606788453,
                0.05789116640175439
            ],
            [
                0.0,
                0.0,
                0.0,
                1.0
            ]
        ],
        [
            [
                -0.8490166643543682,
                0.09035609967819992,
                0.5205828261665244,
                0.020158898030349516
            ],
            [
                -0.08354805358797603,
                -0.9958319244234821,
                0.03658553048249423,
                0.04024020466323055
            ],
            [
                0.5217187234422809,
                -0.012431956803658484,
                0.8530269749895304,
                0.05759881251752222
            ],
            [
                0.0,
                0.0,
                0.0,
                1.0
            ]
        ],
        [
            [
                -0.8634750517122911,
                0.07506466929342971,
                0.4987746289601398,
                0.01944620952488049
            ],
            [
                -0.0669376135081672,
                -0.9971711808939723,
                0.03419052342906083,
                0.03982923096702654
            ],
            [
                0.49993018609430695,
                -0.0038641193550347426,
                0.8660570868097102,
                0.058622317319914484
            ],
            [
                0.0,
                0.0,
                0.0,
                1.0
            ]
        ],
        [
            [
                -0.8705172848459365,
                0.07290217874757593,
                0.4867082587323896,
                0.019148614900425402
            ],
            [
                -0.05914191788517827,
                -0.9972969317671847,
                0.04360118618365533,
                0.04015894672874151
            ],
            [
                0.4885712745683286,
                0.0091707263406687,
                0.8724757918962929,
                0.05957421359458534
            ],
            [
                0.0,
                0.0,
                0.0,
                1.0
            ]
        ],
        [
            [
                -0.8455674511433081,
                0.074293875002637,
                0.5286739124489713,
                0.02155848361137782
            ],
            [
                -0.06652581073660384,
                -0.9972142506287278,
                0.033735068531470735,
                0.041006154976001206
            ],
            [
                0.5297074683944408,
                -0.006645184728659604,
                0.8481543724152308,
                0.05946741105985791
            ],
            [
                0.0,
                0.0,
                0.0,
                1.0
            ]
        ]
    ]
}