{
    "trj_id": [
        1,
        2,
        3,
        4,
        5,
        6,
        7,
        8,
        9,
        10,
        11,
        12,
        13,
        14,
        15,
        16,
        17,
        18,
        19,
        20,
        21,
        22,
        23,
        24,
        25,
        26,
        27,
        28,
        29,
        30,
        31,
        32,
        33,
        34,
        35,
        36,
        37,
        38,
        39,
        40,
        41,
        42,
        43,
        44,
        45,
        46,
        47,
        48,
        49,
        50,
        51,
        52,
        53,
        54,
        55,
        56,
        57,
        58,
        59,
        60,
        61,
        62,
        63,
        64,
        65,
        66,
        67,
        68,
        69,
        70,
        71,
        72,
        73,
        74,
        75,
        76,
        77,
        78,
        79,
        80,
        81,
        82,
        83,
        84,
        85,
        86,
        87,
        88,
        89,
        90,
        91,
        92,
        93,
        94,
        95,
        96,
        97,
        98,
        99,
        100,
        101,
        102,
        103,
        104,
        105,
        106,
        107,
        108,
        109,
        110,
        111,
        112,
        113,
        114,
        115,
        116,
        117,
        118,
        119,
        120,
        121,
        122,
        123,
        124,
        125,
        126,
        127,
        128,
        129,
        130,
        131,
        132,
        133,
        134,
        135,
        136,
        137,
        138,
        139,
        140,
        141,
        142,
        143,
        144,
        145,
        146,
        147,
        148,
        149,
        150,
        151,
        152,
        153,
        154,
        155,
        156,
        157,
        158,
        159,
        160,
        161,
        162,
        163,
        164,
        165,
        166,
        167,
        168,
        169,
        170,
        171,
        172,
        173,
        174,
        175,
        176,
        177,
        178,
        179,
        180,
        181,
        182,
        183,
        184,
        185,
        186,
        187,
        188,
        189,
        190,
        191,
        192,
        193,
        194,
        195,
        196,
        197
    ],
    "trj_est": [
        [
            [
                -0.9581405520439148,
                0.08122650533914566,
                0.27453485131263733,
                0.010316809639334679
            ],
            [
                -0.08484930545091629,
                -0.9963926672935486,
                -0.001326181460171938,
                0.03614889457821846
            ],
            [
                0.2734368145465851,
                -0.024564828723669052,
                0.9615761637687683,
                0.05687616765499115
            ],
            [
                0.0,
                0.0,
                0.0,
                1.0
            ]
        ],
        [
            [
                -0.9576435685157776,
                0.08201555907726288,
                0.27603060007095337,
                0.011577019467949867
            ],
            [
                -0.08526792377233505,
                -0.9963583946228027,
                0.00021953768737148494,
                0.035530101507902145
            ],
            [
                0.27504318952560425,
                -0.02332635596394539,
                0.9611490368843079,
                0.05693062022328377
            ],
            [
                0.0,
                0.0,
                0.0,
                1.0
            ]
        ],
        [
            [
                -0.9571619629859924,
                0.08196429163217545,
                0.27771028876304626,
                0.012148031033575535
            ],
            [
                -0.08499632775783539,
                -0.9963803291320801,
                0.0011249190429225564,
                0.036223091185092926
            ],
            [
                0.2767973840236664,
                -0.022527575492858887,
                0.9606642723083496,
                0.05613478273153305
            ],
            [
                0.0,
                0.0,
                0.0,
                1.0
            ]
        ],
        [
            [
                -0.9565967321395874,
                0.08252368122339249,
                0.2794872224330902,
                0.013037381693720818
            ],
            [
                -0.08556769043207169,
                -0.9963313937187195,
                0.0013137235073372722,
                0.0366501584649086
            ],
            [
                0.2785707712173462,
                -0.02265831083059311,
                0.9601483941078186,
                0.05476364120841026
            ],
            [
                0.0,
                0.0,
                0.0,
                1.0
            ]
        ],
        [
            [
                -0.9565396904945374,
                0.0820220559835434,
                0.2798309624195099,
                0.013669528998434544
            ],
            [
                -0.08498245477676392,
                -0.9963814616203308,
                0.0015586018562316895,
                0.03652382642030716
            ],
            [
                0.27894631028175354,
                -0.02228979580104351,
                0.9600480198860168,
                0.05274725705385208
            ],
            [
                0.0,
                0.0,
                0.0,
                1.0
            ]
        ],
        [
            [
                -0.9568482041358948,
                0.08052058517932892,
                0.27921009063720703,
                0.01625414565205574
            ],
            [
                -0.08348435163497925,
                -0.9965085387229919,
                0.0012804166181012988,
                0.03560648113489151
            ],
            [
                0.27833831310272217,
                -0.02208452671766281,
                0.9602292776107788,
                0.048849355429410934
            ],
            [
                0.0,
                0.0,
                0.0,
                1.0
            ]
        ],
        [
            [
                -0.9569440484046936,
                0.0782017633318901,
                0.27954044938087463,
                0.01878046803176403
            ],
            [
                -0.08144603669643402,
                -0.9966778755187988,
                9.418987247045152e-06,
                0.03597533702850342
            ],
            [
                0.27861255407333374,
                -0.02275839075446129,
                0.9601342082023621,
                0.044783640652894974
            ],
            [
                0.0,
                0.0,
                0.0,
                1.0
            ]
        ],
        [
            [
                -0.9569196701049805,
                0.07743655145168304,
                0.2798370122909546,
                0.01851663924753666
            ],
            [
                -0.08058220148086548,
                -0.9967477321624756,
                0.0002647641231305897,
                0.036052316427230835
            ],
            [
                0.27894747257232666,
                -0.02229643054306507,
                0.9600478410720825,
                0.04649362713098526
            ],
            [
                0.0,
                0.0,
                0.0,
                1.0
            ]
        ],
        [
            [
                -0.9564192891120911,
                0.07760670781135559,
                0.2814958989620209,
                0.016045041382312775
            ],
            [
                -0.08082585036754608,
                -0.9967285394668579,
                0.00017524945724289864,
                0.03695422038435936
            ],
            [
                0.2805885672569275,
                -0.022584442049264908,
                0.9595626592636108,
                0.05126310884952545
            ],
            [
                0.0,
                0.0,
                0.0,
                1.0
            ]
        ],
        [
            [
                -0.9562005400657654,
                0.07748010754585266,
                0.2822735607624054,
                0.01359835546463728
            ],
            [
                -0.08077459782361984,
                -0.9967324733734131,
                -3.463075336185284e-05,
                0.03743821382522583
            ],
            [
                0.2813485264778137,
                -0.02283363603055477,
                0.9593343138694763,
                0.05244849994778633
            ],
            [
                0.0,
                0.0,
                0.0,
                1.0
            ]
        ],
        [
            [
                -0.9563141465187073,
                0.0776548758149147,
                0.28183913230895996,
                0.012691470794379711
            ],
            [
                -0.08073869347572327,
                -0.9967350959777832,
                0.0006737613584846258,
                0.036571651697158813
            ],
            [
                0.2809712886810303,
                -0.02211103029549122,
                0.9594616889953613,
                0.050284214317798615
            ],
            [
                0.0,
                0.0,
                0.0,
                1.0
            ]
        ],
        [
            [
                -0.9564272165298462,
                0.07842566072940826,
                0.2812427878379822,
                0.013747704215347767
            ],
            [
                -0.08178883045911789,
                -0.9966496825218201,
                -0.0002207331417594105,
                0.03548698499798775
            ],
            [
                0.28028303384780884,
                -0.02321367897093296,
                0.9596369862556458,
                0.04593421518802643
            ],
            [
                0.0,
                0.0,
                0.0,
                1.0
            ]
        ],
        [
            [
                -0.9568035006523132,
                0.07813159376382828,
                0.2800401747226715,
                0.014567400328814983
            ],
            [
                -0.08166719973087311,
                -0.9966592192649841,
                -0.0009597339085303247,
                0.03408330678939819
            ],
            [
                0.27902984619140625,
                -0.023788468912243843,
                0.9599875211715698,
                0.04212385416030884
            ],
            [
                0.0,
                0.0,
                0.0,
                1.0
            ]
        ],
        [
            [
                -0.9567362070083618,
                0.07761242240667343,
                0.28041452169418335,
                0.01250299159437418
            ],
            [
                -0.0810537189245224,
                -0.9967097640037537,
                -0.0006772719789296389,
                0.03155747801065445
            ],
            [
                0.27943944931030273,
                -0.023376567289233208,
                0.9598786234855652,
                0.04060215502977371
            ],
            [
                0.0,
                0.0,
                0.0,
                1.0
            ]
        ],
        [
            [
                -0.9558510184288025,
                0.0780562162399292,
                0.2832946479320526,
                0.006159177981317043
            ],
            [
                -0.08111187070608139,
                -0.9967048168182373,
                0.0009461977169848979,
                0.026420358568429947
            ],
            [
                0.2824348211288452,
                -0.022074179723858833,
                0.9590327739715576,
                0.041604720056056976
            ],
            [
                0.0,
                0.0,
                0.0,
                1.0
            ]
        ],
        [
            [
                -0.9557769298553467,
                0.07800114154815674,
                0.2835594713687897,
                0.004337156657129526
            ],
            [
                -0.08071106672286987,
                -0.9967353343963623,
                0.0021325668785721064,
                0.02265876531600952
            ],
            [
                0.2828001379966736,
                -0.020848168060183525,
                0.9589525461196899,
                0.04167658090591431
            ],
            [
                0.0,
                0.0,
                0.0,
                1.0
            ]
        ],
        [
            [
                -0.95566326379776,
                0.07863198220729828,
                0.2837681770324707,
                0.0034566442482173443
            ],
            [
                -0.08071307837963104,
                -0.9967274069786072,
                0.0043699839152395725,
                0.017859406769275665
            ],
            [
                0.2831834852695465,
                -0.018727712333202362,
                0.9588831663131714,
                0.04116184636950493
            ],
            [
                0.0,
                0.0,
                0.0,
                1.0
            ]
        ],
        [
            [
                -0.9559129476547241,
                0.07892662286758423,
                0.2828454375267029,
                0.004857196006923914
            ],
            [
                -0.08039411157369614,
                -0.9967421889305115,
                0.0064340136013925076,
                0.012746349908411503
            ],
            [
                0.28243204951286316,
                -0.016588855534791946,
                0.9591435194015503,
                0.03990946710109711
            ],
            [
                0.0,
                0.0,
                0.0,
                1.0
            ]
        ],
        [
            [
                -0.9561671018600464,
                0.07959239184856415,
                0.28179606795310974,
                0.006833111867308617
            ],
            [
                -0.08042877912521362,
                -0.9967226982116699,
                0.008616692386567593,
                0.007121311966329813
            ],
            [
                0.28155842423439026,
                -0.01442546583712101,
                0.9594353437423706,
                0.03844785690307617
            ],
            [
                0.0,
                0.0,
                0.0,
                1.0
            ]
        ],
        [
            [
                -0.9563404321670532,
                0.07995271682739258,
                0.2811067998409271,
                0.008340911008417606
            ],
            [
                -0.08051782846450806,
                -0.9967073202133179,
                0.00955863669514656,
                0.003494958160445094
            ],
            [
                0.2809455990791321,
                -0.013492888770997524,
                0.9596288204193115,
                0.03849995508790016
            ],
            [
                0.0,
                0.0,
                0.0,
                1.0
            ]
        ],
        [
            [
                -0.9563862085342407,
                0.0801820307970047,
                0.2808847427368164,
                0.010062810964882374
            ],
            [
                -0.08116429299116135,
                -0.9966671466827393,
                0.008154147304594517,
                0.003894189838320017
            ],
            [
                0.28060227632522583,
                -0.01499926671385765,
                0.9597070217132568,
                0.03660344332456589
            ],
            [
                0.0,
                0.0,
                0.0,
                1.0
            ]
        ],
        [
            [
                -0.9564175605773926,
                0.08009651303291321,
                0.28080517053604126,
                0.010506712831556797
            ],
            [
                -0.08121468871831894,
                -0.9966671466827393,
                0.007672854699194431,
                0.003277354873716831
            ],
            [
                0.28048399090766907,
                -0.015467042103409767,
                0.9597342610359192,
                0.034433070570230484
            ],
            [
                0.0,
                0.0,
                0.0,
                1.0
            ]
        ],
        [
            [
                -0.956252932548523,
                0.08022978901863098,
                0.28132569789886475,
                0.00926107820123434
            ],
            [
                -0.08135294914245605,
                -0.9966556429862976,
                0.0077046845108270645,
                0.0018614741275087
            ],
            [
                0.2810029983520508,
                -0.015519093722105026,
                0.959581732749939,
                0.03343276306986809
            ],
            [
                0.0,
                0.0,
                0.0,
                1.0
            ]
        ],
        [
            [
                -0.9562768340110779,
                0.08016326278448105,
                0.2812621295452118,
                0.008652154356241226
            ],
            [
                -0.08088893443346024,
                -0.9966821074485779,
                0.009049063548445702,
                -0.001346529577858746
            ],
            [
                0.2810542583465576,
                -0.014097523875534534,
                0.9595881104469299,
                0.03479357436299324
            ],
            [
                0.0,
                0.0,
                0.0,
                1.0
            ]
        ],
        [
            [
                -0.9562844038009644,
                0.08032680302858353,
                0.2811901271343231,
                0.008389494381844997
            ],
            [
                -0.08067929744720459,
                -0.9966861605644226,
                0.010342970490455627,
                -0.0038862512446939945
            ],
            [
                0.28108879923820496,
                -0.012795395217835903,
                0.9595962166786194,
                0.0363355427980423
            ],
            [
                0.0,
                0.0,
                0.0,
                1.0
            ]
        ],
        [
            [
                -0.956275224685669,
                0.07994136959314346,
                0.281331330537796,
                0.008192701265215874
            ],
            [
                -0.0800909698009491,
                -0.9967271089553833,
                0.010986972600221634,
                -0.004944507032632828
            ],
            [
                0.2812888026237488,
                -0.012025580741465092,
                0.9595479369163513,
                0.039444420486688614
            ],
            [
                0.0,
                0.0,
                0.0,
                1.0
            ]
        ],
        [
            [
                -0.9562681913375854,
                0.0795261338353157,
                0.2814733684062958,
                0.008320784196257591
            ],
            [
                -0.07976501435041428,
                -0.9967571496963501,
                0.010628119111061096,
                -0.0038261525332927704
            ],
            [
                0.28140565752983093,
                -0.012288392521440983,
                0.9595098495483398,
                0.04219873249530792
            ],
            [
                0.0,
                0.0,
                0.0,
                1.0
            ]
        ],
        [
            [
                -0.9562917351722717,
                0.0795881450176239,
                0.2813745439052582,
                0.008641397580504417
            ],
            [
                -0.07990828901529312,
                -0.9967483878135681,
                0.010355571284890175,
                -0.003152786521241069
            ],
            [
                0.28128379583358765,
                -0.012581105343997478,
                0.9595422148704529,
                0.043041765689849854
            ],
            [
                0.0,
                0.0,
                0.0,
                1.0
            ]
        ],
        [
            [
                -0.9561575055122375,
                0.08050991594791412,
                0.28156977891921997,
                0.008588106371462345
            ],
            [
                -0.080893874168396,
                -0.9966694712638855,
                0.010280606336891651,
                -0.0035914273466914892
            ],
            [
                0.2814597487449646,
                -0.01294730231165886,
                0.9594854712486267,
                0.04247354716062546
            ],
            [
                0.0,
                0.0,
                0.0,
                1.0
            ]
        ],
        [
            [
                -0.957075297832489,
                0.07797852158546448,
                0.2791532278060913,
                0.014470504596829414
            ],
            [
                -0.07793722301721573,
                -0.9968944191932678,
                0.011265506967902184,
                -0.007736099883913994
            ],
            [
                0.27916473150253296,
                -0.010974430479109287,
                0.9601803421974182,
                0.03762415423989296
            ],
            [
                0.0,
                0.0,
                0.0,
                1.0
            ]
        ],
        [
            [
                -0.9580467939376831,
                0.07463312149047852,
                0.27672454714775085,
                0.020573953166604042
            ],
            [
                -0.07434458285570145,
                -0.9971652626991272,
                0.011549530550837517,
                -0.009345760568976402
            ],
            [
                0.27680227160453796,
                -0.009507928043603897,
                0.9608801007270813,
                0.03512038663029671
            ],
            [
                0.0,
                0.0,
                0.0,
                1.0
            ]
        ],
        [
            [
                -0.9583057165145874,
                0.07306365668773651,
                0.27624785900115967,
                0.022419186308979988
            ],
            [
                -0.07288744300603867,
                -0.9972800016403198,
                0.010920659638941288,
                -0.007876689545810223
            ],
            [
                0.27629441022872925,
                -0.009669735096395016,
                0.9610246419906616,
                0.03470626845955849
            ],
            [
                0.0,
                0.0,
                0.0,
                1.0
            ]
        ],
        [
            [
                -0.9576774835586548,
                0.07397107034921646,
                0.2781761586666107,
                0.01893962174654007
            ],
            [
                -0.07453997433185577,
                -0.997181236743927,
                0.008546767756342888,
                -0.0006771416519768536
            ],
            [
                0.2780245244503021,
                -0.012550118379294872,
                0.9604914784431458,
                0.03978157788515091
            ],
            [
                0.0,
                0.0,
                0.0,
                1.0
            ]
        ],
        [
            [
                -0.956640362739563,
                0.07634570449590683,
                0.2810879945755005,
                0.01366964727640152
            ],
            [
                -0.07705528289079666,
                -0.9969900250434875,
                0.00854397937655449,
                0.0013748499331995845
            ],
            [
                0.2808941602706909,
                -0.013485820963978767,
                0.9596437811851501,
                0.043312713503837585
            ],
            [
                0.0,
                0.0,
                0.0,
                1.0
            ]
        ],
        [
            [
                -0.9562806487083435,
                0.07845505326986313,
                0.2817307710647583,
                0.010229040868580341
            ],
            [
                -0.07950906455516815,
                -0.9968041181564331,
                0.007707052398473024,
                0.0031223304104059935
            ],
            [
                0.2814348042011261,
                -0.015029910020530224,
                0.959462583065033,
                0.04259451851248741
            ],
            [
                0.0,
                0.0,
                0.0,
                1.0
            ]
        ],
        [
            [
                -0.956271231174469,
                0.07964060455560684,
                0.28143149614334106,
                0.009805378504097462
            ],
            [
                -0.08021393418312073,
                -0.9967320561408997,
                0.00950207281857729,
                -0.001110462355427444
            ],
            [
                0.28126877546310425,
                -0.013488177210092545,
                0.9595345258712769,
                0.04284030944108963
            ],
            [
                0.0,
                0.0,
                0.0,
                1.0
            ]
        ],
        [
            [
                -0.9562578201293945,
                0.07999666780233383,
                0.2813745439052582,
                0.008879285305738449
            ],
            [
                -0.08026472479104996,
                -0.9967173933982849,
                0.01059169601649046,
                -0.004395355004817247
            ],
            [
                0.28129830956459045,
                -0.012456110678613186,
                0.9595397114753723,
                0.04235754534602165
            ],
            [
                0.0,
                0.0,
                0.0,
                1.0
            ]
        ],
        [
            [
                -0.9559206962585449,
                0.0791487991809845,
                0.28275689482688904,
                0.005712181329727173
            ],
            [
                -0.07914848625659943,
                -0.9967968463897705,
                0.011443166062235832,
                -0.006902049761265516
            ],
            [
                0.2827569842338562,
                -0.011440912261605263,
                0.9591232538223267,
                0.042393624782562256
            ],
            [
                0.0,
                0.0,
                0.0,
                1.0
            ]
        ],
        [
            [
                -0.9557803273200989,
                0.07884883135557175,
                0.28331515192985535,
                0.00422428036108613
            ],
            [
                -0.07852692157030106,
                -0.9968335628509521,
                0.012511742301285267,
                -0.009588145650923252
            ],
            [
                0.28340452909469604,
                -0.010289313271641731,
                0.9589452743530273,
                0.04235471040010452
            ],
            [
                0.0,
                0.0,
                0.0,
                1.0
            ]
        ],
        [
            [
                -0.9560781121253967,
                0.07871823012828827,
                0.2823452651500702,
                0.005398607812821865
            ],
            [
                -0.07843048870563507,
                -0.9968432784080505,
                0.012339506298303604,
                -0.009630678221583366
            ],
            [
                0.2824249863624573,
                -0.010346955619752407,
                0.9592335820198059,
                0.03999984636902809
            ],
            [
                0.0,
                0.0,
                0.0,
                1.0
            ]
        ],
        [
            [
                -0.956301212310791,
                0.07906936854124069,
                0.2814908027648926,
                0.0067537263967096806
            ],
            [
                -0.07855966687202454,
                -0.9968227744102478,
                0.013114516623318195,
                -0.011501622386276722
            ],
            [
                0.2816331088542938,
                -0.009572363458573818,
                0.9594743847846985,
                0.03811792656779289
            ],
            [
                0.0,
                0.0,
                0.0,
                1.0
            ]
        ],
        [
            [
                -0.9569213390350342,
                0.07872813194990158,
                0.27947214245796204,
                0.005905020982027054
            ],
            [
                -0.07859218120574951,
                -0.9968377947807312,
                0.011710518039762974,
                -0.012068365700542927
            ],
            [
                0.2795102298259735,
                -0.010758309625089169,
                0.9600826501846313,
                0.03410903736948967
            ],
            [
                0.0,
                0.0,
                0.0,
                1.0
            ]
        ],
        [
            [
                -0.9597333073616028,
                0.0769512876868248,
                0.270168662071228,
                0.003381500719115138
            ],
            [
                -0.07870780676603317,
                -0.9968882203102112,
                0.00434325123205781,
                -0.009026015177369118
            ],
            [
                0.2696620225906372,
                -0.017095938324928284,
                0.9628028869628906,
                0.03317539766430855
            ],
            [
                0.0,
                0.0,
                0.0,
                1.0
            ]
        ],
        [
            [
                -0.9621235728263855,
                0.07509312033653259,
                0.26206594705581665,
                0.0012938776053488255
            ],
            [
                -0.07830014079809189,
                -0.9969278573989868,
                -0.001801388687454164,
                -0.0053209830075502396
            ],
            [
                0.2611256539821625,
                -0.022252976894378662,
                0.9650476574897766,
                0.03183205798268318
            ],
            [
                0.0,
                0.0,
                0.0,
                1.0
            ]
        ],
        [
            [
                -0.9647617340087891,
                0.07362298667430878,
                0.25261595845222473,
                -0.0004805856733582914
            ],
            [
                -0.07675427943468094,
                -0.9970467686653137,
                -0.002550259232521057,
                -0.010639104060828686
            ],
            [
                0.2516816556453705,
                -0.021849704906344414,
                0.967563807964325,
                0.03744405508041382
            ],
            [
                0.0,
                0.0,
                0.0,
                1.0
            ]
        ],
        [
            [
                -0.9622220993041992,
                0.08165286481380463,
                0.25973209738731384,
                -0.035454001277685165
            ],
            [
                -0.08344224840402603,
                -0.996503472328186,
                0.004145372658967972,
                -0.0296260267496109
            ],
            [
                0.25916188955307007,
                -0.017684413120150566,
                0.965671181678772,
                0.043439723551273346
            ],
            [
                0.0,
                0.0,
                0.0,
                1.0
            ]
        ],
        [
            [
                -0.9652242660522461,
                0.08658244460821152,
                0.24666881561279297,
                -0.04745173081755638
            ],
            [
                -0.08803457766771317,
                -0.996103048324585,
                0.0051528653129935265,
                -0.04157475754618645
            ],
            [
                0.2461533397436142,
                -0.0167424026876688,
                0.9690849781036377,
                0.055596254765987396
            ],
            [
                0.0,
                0.0,
                0.0,
                1.0
            ]
        ],
        [
            [
                -0.9669148325920105,
                0.09217692166566849,
                0.23786012828350067,
                -0.057476237416267395
            ],
            [
                -0.09348326176404953,
                -0.995602548122406,
                0.005803802516311407,
                -0.04644450917840004
            ],
            [
                0.2373487651348114,
                -0.01662508212029934,
                0.971281111240387,
                0.06569883972406387
            ],
            [
                0.0,
                0.0,
                0.0,
                1.0
            ]
        ],
        [
            [
                -0.9692111611366272,
                0.09726517647504807,
                0.2262016385793686,
                -0.06751954555511475
            ],
            [
                -0.09912478178739548,
                -0.9950688481330872,
                0.0031468046363443136,
                -0.0457649901509285
            ],
            [
                0.22539184987545013,
                -0.01937311701476574,
                0.9740744233131409,
                0.07669135183095932
            ],
            [
                0.0,
                0.0,
                0.0,
                1.0
            ]
        ],
        [
            [
                -0.9713165163993835,
                0.11165740340948105,
                0.20994433760643005,
                -0.0750955194234848
            ],
            [
                -0.11293766647577286,
                -0.9935821890830994,
                0.005916162393987179,
                -0.05432121083140373
            ],
            [
                0.20925785601139069,
                -0.017964914441108704,
                0.9776939153671265,
                0.08165722340345383
            ],
            [
                0.0,
                0.0,
                0.0,
                1.0
            ]
        ],
        [
            [
                -0.9630839824676514,
                0.13283348083496094,
                0.2341526299715042,
                -0.142229825258255
            ],
            [
                -0.1309741884469986,
                -0.9911033511161804,
                0.0235437098890543,
                -0.08774175494909286
            ],
            [
                0.23519738018512726,
                -0.007993781939148903,
                0.9719146490097046,
                0.1022646352648735
            ],
            [
                0.0,
                0.0,
                0.0,
                1.0
            ]
        ],
        [
            [
                -0.965258002281189,
                0.1438293606042862,
                0.21815979480743408,
                -0.14860814809799194
            ],
            [
                -0.1420818418264389,
                -0.9895668625831604,
                0.02375965379178524,
                -0.09181990474462509
            ],
            [
                0.21930158138275146,
                -0.008062755689024925,
                0.9756233096122742,
                0.10739795118570328
            ],
            [
                0.0,
                0.0,
                0.0,
                1.0
            ]
        ],
        [
            [
                -0.9687350988388062,
                0.14692026376724243,
                0.19992315769195557,
                -0.146917924284935
            ],
            [
                -0.14477640390396118,
                -0.9891348481178284,
                0.025382237508893013,
                -0.09292492270469666
            ],
            [
                0.2014806717634201,
                -0.004355814773589373,
                0.9794818758964539,
                0.11156032234430313
            ],
            [
                0.0,
                0.0,
                0.0,
                1.0
            ]
        ],
        [
            [
                -0.9698083996772766,
                0.16309532523155212,
                0.18131616711616516,
                -0.16813424229621887
            ],
            [
                -0.15996085107326508,
                -0.9866046905517578,
                0.0318763293325901,
                -0.10453793406486511
            ],
            [
                0.18408671021461487,
                0.0019101331708952785,
                0.9829073548316956,
                0.13268691301345825
            ],
            [
                0.0,
                0.0,
                0.0,
                1.0
            ]
        ],
        [
            [
                -0.9713749885559082,
                0.17662376165390015,
                0.15886439383029938,
                -0.18366031348705292
            ],
            [
                -0.17044970393180847,
                -0.9840018153190613,
                0.05178908631205559,
                -0.13613885641098022
            ],
            [
                0.1654701679944992,
                0.02322801575064659,
                0.9859411120414734,
                0.16037483513355255
            ],
            [
                0.0,
                0.0,
                0.0,
                1.0
            ]
        ],
        [
            [
                -0.9652372002601624,
                0.19149506092071533,
                0.17791569232940674,
                -0.23574617505073547
            ],
            [
                -0.18098114430904388,
                -0.9807194471359253,
                0.07370647042989731,
                -0.1756315529346466
            ],
            [
                0.1885998249053955,
                0.03894460201263428,
                0.9812819957733154,
                0.20325030386447906
            ],
            [
                0.0,
                0.0,
                0.0,
                1.0
            ]
        ],
        [
            [
                -0.9665934443473816,
                0.1942627876996994,
                0.16723200678825378,
                -0.24674104154109955
            ],
            [
                -0.18434493243694305,
                -0.9801405072212219,
                0.07306520640850067,
                -0.18214750289916992
