{
    "trj_id": [
        0,
        45,
        50,
        55,
        60,
        68,
        79,
        157,
        158,
        161,
        164,
        168,
        172,
        176,
        181,
        185,
        189,
        193,
        196
    ],
    "trj_est": [
        [
            [
                -0.9585129518749981,
                0.0807944605545034,
                0.2733590610014328,
                0.01051038637198394
            ],
            [
                -0.08468365944949716,
                -0.9964049051869538,
                -0.0024377739067156096,
                0.03641651331988294
            ],
            [
                0.2721793506313804,
                -0.02548568349260948,
                0.9619089775164773,
                0.05674575557210698
            ],
            [
                0.0,
                0.0,
                0.0,
                1.0
            ]
        ],
        [
            [
                -0.958206187762766,
                0.08342897296128308,
                0.2736307782524511,
                -0.037929302007283464
            ],
            [
                -0.08463938867575775,
                -0.9963794879440387,
                0.00739652978321858,
                -0.029740319980338565
            ],
            [
                0.2732577097124339,
                -0.016073640275374352,
                0.961802615790453,
                0.029136214035780237
            ],
            [
                0.0,
                0.0,
                0.0,
                1.0
            ]
        ],
        [
            [
                -0.9563115357401689,
                0.12235178604704182,
                0.2655269583478849,
                -0.16372628359347985
            ],
            [
                -0.1170402964344057,
                -0.9924769504921388,
                0.03579436169117344,
                -0.10070003084294951
            ],
            [
                0.2679111752030605,
                0.0031529218044703037,
                0.9634377206406158,
                0.09185542692752413
            ],
            [
                0.0,
                0.0,
                0.0,
                1.0
            ]
        ],
        [
            [
                -0.9547444140872586,
                0.1779960422728157,
                0.23830308486254587,
                -0.3038743050245511
            ],
            [
                -0.1603194904996423,
                -0.9827849855528278,
                0.09177476203954811,
                -0.19527020227088396
            ],
            [
                0.25053597996521465,
                0.04941612991590059,
                0.966845372413255,
                0.19547488251076997
            ],
            [
                0.0,
                0.0,
                0.0,
                1.0
            ]
        ],
        [
            [
                -0.9557468880345241,
                0.19015411332355256,
                0.2245041553017473,
                -0.4060271531904501
            ],
            [
                -0.16344406041473614,
                -0.9776415956743829,
                0.13226930747263665,
                -0.28101451206726386
            ],
            [
                0.24463441529932084,
                0.08972047254498661,
                0.9654518616609574,
                0.2639011821725343
            ],
            [
                0.0,
                0.0,
                0.0,
                1.0
            ]
        ],
        [
            [
                -0.9564584260522841,
                0.1839697025483198,
                0.22659559950907665,
                -0.3756140948278864
            ],
            [
                -0.15411492295425805,
                -0.9776109727562066,
                0.1432124589819652,
                -0.25455909809422184
            ],
            [
                0.24786649504423663,
                0.10205320277782817,
                0.9634007308590622,
                0.2563566116713841
            ],
            [
                0.0,
                0.0,
                0.0,
                1.0
            ]
        ],
        [
            [
                -0.9525443256545167,
                0.18365295519205038,
                0.24276464287120358,
                -0.34191074004013755
            ],
            [
                -0.15685634071965374,
                -0.9795918187956175,
                0.12562135151642595,
                -0.20837963478419563
            ],
            [
                0.2608843341772041,
                0.08157859055237668,
                0.9619135018131981,
                0.25875100326920425
            ],
            [
                0.0,
                0.0,
                0.0,
                1.0
            ]
        ],
        [
            [
                -0.9569615338958453,
                0.16567701158342854,
                0.23828693035511153,
                -0.3392932336875516
            ],
            [
                -0.1340060758340502,
                -0.980515584612318,
                0.14358394629419427,
                -0.2654649949409763
            ],
            [
                0.25743692516971434,
                0.10547083032998307,
                0.9605187200908674,
                0.2531238483263727
            ],
            [
                0.0,
                0.0,
                0.0,
                1.0
            ]
        ],
        [
            [
                -0.9568631318818701,
                0.1665779502507309,
                0.23804902635903,
                -0.3388842687067531
            ],
            [
                -0.13472216917447613,
                -0.9802879119872405,
                0.14445911452476426,
                -0.267157701175468
            ],
            [
                0.2574252962347885,
                0.10615543071661102,
                0.9604458997793586,
                0.25250987953747905
            ],
            [
                0.0,
                0.0,
                0.0,
                1.0
            ]
        ],
        [
            [
                -0.9566613792976735,
                0.1712374664777068,
                0.2355415858277605,
                -0.3337575531372811
            ],
            [
                -0.1404403806437358,
                -0.979850211968234,
                0.1419616654281591,
                -0.2547735445845506
            ],
            [
                0.25511029773852834,
                0.10272794396752807,
                0.9614362539441901,
                0.2594549629176738
            ],
            [
                0.0,
                0.0,
                0.0,
                1.0
            ]
        ],
        [
            [
                -0.9566775199315302,
                0.17381217492973547,
                0.23358079096200837,
                -0.32769970973376455
            ],
            [
                -0.14449913728679917,
                -0.9799155530000235,
                0.13736953093550497,
                -0.24378460653023443
            ],
            [
                0.25277169752042133,
                0.09766447179615709,
                0.9625811629346949,
                0.25536741287260595
            ],
            [
                0.0,
                0.0,
                0.0,
                1.0
            ]
        ],
        [
            [
                -0.955615140693572,
                0.17890757925999304,
                0.23408515216144007,
                -0.32624324926691706
            ],
            [
                -0.15096971693928107,
                -0.9796213940390813,
                0.13242093304090508,
                -0.22678106590000371
            ],
            [
                0.25301181586406246,
                0.09120138931887634,
                0.9631527664118709,
                0.26240244633841203
            ],
            [
                0.0,
                0.0,
                0.0,
                1.0
            ]
        ],
        [
            [
                -0.9549855133191263,
                0.17970689257597716,
                0.236036786787657,
                -0.332301805347476
            ],
            [
                -0.15080636634796749,
                -0.9792366480513364,
                0.1354177429936083,
                -0.22986397110873608
            ],
            [
                0.255478600792992,
                0.09372329066131636,
                0.9622594895844555,
                0.2667116049710518
            ],
            [
                0.0,
                0.0,
                0.0,
                1.0
            ]
        ],
        [
            [
                -0.9549459741951004,
                0.18069894278927182,
                0.23543674762334918,
                -0.33064662820892726
            ],
            [
                -0.151935454730633,
                -0.9790896303620548,
                0.1352194721697903,
                -0.22956069584368669
            ],
            [
                0.25495428711199775,
                0.09335373611101563,
                0.9624339459064033,
                0.26377060311853645
            ],
            [
                0.0,
                0.0,
                0.0,
                1.0
            ]
        ],
        [
            [
                -0.9544392682391928,
                0.18131644784233672,
                0.2370170450316636,
                -0.33392382868786047
            ],
            [
                -0.1520131433014487,
                -0.9788704587325463,
                0.1367159360570771,
                -0.23098387749605967
            ],
            [
                0.25680502275247796,
                0.09445444883133404,
                0.9618351749592469,
                0.2647273064302732
            ],
            [
                0.0,
                0.0,
                0.0,
                1.0
            ]
        ],
        [
            [
                -0.9543061282568104,
                0.18222598202941995,
                0.23685333230053154,
                -0.33403464732559174
            ],
            [
                -0.1528386949570406,
                -0.9786774162686855,
                0.1371779888105345,
                -0.23133494992705592
            ],
            [
                0.2568079073229488,
                0.09470667961681115,
                0.9618091579539673,
                0.2657535183994372
            ],
            [
                0.0,
                0.0,
                0.0,
                1.0
            ]
        ],
        [
            [
                -0.9546342874959405,
                0.1827197295200603,
                0.23514769592259893,
                -0.3311478567877724
            ],
            [
                -0.1550148484663856,
                -0.9791117052344683,
                0.13151868024303634,
                -0.21892781761965543
            ],
            [
                0.25427433168085134,
                0.08909770622527549,
                0.9630180044771556,
                0.2654248154249967
            ],
            [
                0.0,
                0.0,
                0.0,
                1.0
            ]
        ],
        [
            [
                -0.9546260209701031,
                0.19198465258205089,
                0.22767983311763948,
                -0.35792345780285223
            ],
            [
                -0.16232665358864473,
                -0.9763573480951406,
                0.14269995552575374,
                -0.22790203903751202
            ],
            [
                0.24969957916414892,
                0.09926338537844419,
                0.9632199548598857,
                0.285431420266428
            ],
            [
                0.0,
                0.0,
                0.0,
                1.0
            ]
        ],
        [
            [
                -0.9564252298363022,
                0.1978875005062487,
                0.21470563688009084,
                -0.40216454489068404
            ],
            [
                -0.1685221194547377,
                -0.9745826830044843,
                0.14757041665471848,
                -0.2566108436665076
            ],
            [
                0.23845700341942078,
                0.10495423649493849,
                0.9654629283952498,
                0.3081202840512265
            ],
            [
                0.0,
                0.0,
                0.0,
                1.0
            ]
        ]
    ],
    "trj_gt": [
        [
            [
                -0.9585129518749981,
                0.0807944605545034,
                0.2733590610014328,
                0.01051038637198394
            ],
            [
                -0.08468365944949716,
                -0.9964049051869538,
                -0.0024377739067156096,
                0.03641651331988294
            ],
            [
                0.2721793506313804,
                -0.02548568349260948,
                0.9619089775164773,
                0.05674575557210698
            ],
            [
                0.0,
                0.0,
                0.0,
                1.0
            ]
        ],
        [
            [
                -0.9376191630125458,
                0.08793325188276685,
                0.33635999816413203,
                0.012362650051462422
            ],
            [
                -0.0808460745384095,
                -0.9961102474563553,
                0.035046927742219736,
                0.03781570574434568
            ],
            [
                0.3381334313305666,
                0.0056672855725045405,
                0.9410811147243667,
                0.05773461315466455
            ],
            [
                0.0,
                0.0,
                0.0,
                1.0
            ]
        ],
        [
            [
                -0.8998506425331277,
                0.09178906938198478,
                0.426431222912566,
                0.014762016152678603
            ],
            [
                -0.05805312412364919,
                -0.9941133664441297,
                0.09147922953656684,
                0.03870668056101646
            ],
            [
                0.4323177719134405,
                0.0575619787629724,
                0.8998821937835471,
                0.05797134794158252
            ],
            [
                0.0,
                0.0,
                0.0,
                1.0
            ]
        ],
        [
            [
                -0.86436442317086,
                0.09412348604383813,
                0.49397865675701175,
                0.01832143707975251
            ],
            [
                -0.07256037865259074,
                -0.995391404106706,
                0.06269724140879815,
                0.03997057856950779
            ],
            [
                0.49760339167483475,
                0.01834998652413306,
                0.8672105526273681,
                0.057906654942546196
            ],
            [
                0.0,
                0.0,
                0.0,
                1.0
            ]
        ],
        [
            [
                -0.8486610444696617,
                0.09229629508484948,
                0.5208222590416743,
                0.02006615391417631
            ],
            [
                -0.08341557480983922,
                -0.9956904449990406,
                0.0405262830365173,
                0.04035693447075095
            ],
            [
                0.5223181726484412,
                -0.009051610421476347,
                0.8527026415286699,
                0.057642655463061826
            ],
            [
                0.0,
                0.0,
                0.0,
                1.0
            ]
        ],
        [
            [
                -0.865504784728685,
                0.07363098285935726,
                0.4954593282752059,
                0.019359798227058033
            ],
            [
                -0.06420762420865923,
                -0.9972853656429993,
                0.03604553325711458,
                0.039805573550326816
            ],
            [
                0.4967684054015842,
                -0.0006146848584395542,
                0.867882926181459,
                0.05879309216772446
            ],
            [
                0.0,
                0.0,
                0.0,
                1.0
            ]
        ],
        [
            [
                -0.8706105533998237,
                0.07289287056675238,
                0.48654279742833734,
                0.01916870120464341
            ],
            [
                -0.059214136773671266,
                -0.997298953970016,
                0.04345667286460921,
                0.040179400771202266
            ],
            [
                0.4883963045673077,
                0.009023626258406312,
                0.8725752826284655,
                0.0595959846520019
            ],
            [
                0.0,
                0.0,
                0.0,
                1.0
            ]
        ],
        [
            [
                -0.8705838884709225,
                0.07292975266313809,
                0.4865849815924675,
                0.01911368526160345
            ],
            [
                -0.05923044085848368,
                -0.997296003960314,
                0.04350213052827937,
                0.04017675381074241
            ],
            [
                0.48844185734901774,
                0.009051610977240065,
                0.8725494944862201,
                0.05960207002806762
            ],
            [
                0.0,
                0.0,
                0.0,
                1.0
            ]
        ],
        [
            [
                -0.8706263922534229,
                0.07289772399326566,
                0.4865137273997424,
                0.019168739204361365
            ],
            [
                -0.05922888645658626,
                -0.9972987666776147,
                0.04344086776782458,
                0.040177738229994014
            ],
            [
                0.4883662806960593,
                0.009005099661329207,
                0.87259227824866,
                0.05961067546679121
            ],
            [
                0.0,
                0.0,
                0.0,
                1.0
            ]
        ],
        [
            [
                -0.8706500610637845,
                0.07287614143495759,
                0.48647460281003463,
                0.01917633826853922
            ],
            [
                -0.05921836897488115,
                -0.9973004605826988,
                0.043416311422001835,
                0.04017450919677628
            ],
            [
                0.4883253586960068,
                0.008992181664616792,
                0.8726153131382276,
                0.05961850689473806
            ],
            [
                0.0,
                0.0,
                0.0,
                1.0
            ]
        ],
        [
            [
                -0.8705815702839597,
                0.07292953432860534,
                0.4865891619266994,
                0.019116053583499933
            ],
            [
                -0.05922729343989747,
                -0.9972959689787037,
                0.043507217454272766,
                0.04018290948386629
            ],
            [
                0.48844637084709636,
                0.009057222611920077,
                0.8725469096414579,
                0.05959326429892599
            ],
            [
                0.0,
                0.0,
                0.0,
                1.0
            ]
        ],
        [
            [
                -0.8706271488746635,
                0.07289792693424017,
                0.4865123429997077,
                0.0191691699963269
            ],
            [
                -0.05922917030601326,
                -0.9972987525451996,
                0.043440805202603745,
                0.0401785106172365
            ],
            [
                0.48836489741507466,
                0.009005021958855313,
                0.8725930532340286,
                0.059611583025514954
            ],
            [
                0.0,
                0.0,
                0.0,
                1.0
            ]
        ],
        [
            [
                -0.8705974126334729,
                0.07291957795659408,
                0.48656230871958756,
                0.019161698274641363
            ],
            [
                -0.059229154245562486,
                -0.9972968672286199,
                0.04348408793267686,
                0.04018192288986631
            ],
            [
                0.4884179075374473,
                0.009038460411685429,
                0.8725630371670164,
                0.05960417719561771
            ],
            [
                0.0,
                0.0,
                0.0,
                1.0
            ]
        ],
        [
            [
                -0.8705981255411407,
                0.07291956222792946,
                0.48656103548140756,
                0.019161809160272013
            ],
            [
                -0.0592303525036646,
                -0.9972968896270241,
                0.04348194202833018,
                0.04018209042796092
            ],
            [
                0.48841649147683797,
                0.009036115578640981,
                0.8725638540924701,
                0.059604389092997166
            ],
            [
                0.0,
                0.0,
                0.0,
                1.0
            ]
        ],
        [
            [
                -0.8706236428557654,
                0.07289803409395788,
                0.4865186010069843,
                0.01916928273511007
            ],
            [
                -0.059223162744771005,
                -0.9972986379065163,
                0.043451626256261304,
                0.040178737123421904
            ],
            [
                0.48837187623271616,
                0.009016842853438487,
                0.8725890252861842,
                0.059611931757832394
            ],
            [
                0.0,
                0.0,
                0.0,
                1.0
            ]
        ],
        [
            [
                -0.8706278585032632,
                0.07289794185327651,
                0.48651107086229656,
                0.019169279720359096
            ],
            [
                -0.059230402378830836,
                -0.9972987727603304,
                0.043438661176202,
                0.040178810513770494
            ],
            [
                0.48836348290188936,
                0.009002662067155887,
                0.872593869244817,
                0.05961204297085953
            ],
            [
                0.0,
                0.0,
                0.0,
                1.0
            ]
        ],
        [
            [
                -0.8673781479705182,
                0.06997357073111882,
                0.49270564013655344,
                0.01947840169594156
            ],
            [
                -0.05731865780264769,
                -0.9975234768729562,
                0.04076131198810473,
                0.04019203946923619
            ],
            [
                0.49433765777142324,
                0.007114245316669182,
                0.8692408570831432,
                0.05966943355250248
            ],
            [
                0.0,
                0.0,
                0.0,
                1.0
            ]
        ],
        [
            [
                -0.8571682806500949,
                0.06752915649421294,
                0.5105901993483046,
                0.02062372283490891
            ],
            [
                -0.05722756648221236,
                -0.9977161164347261,
                0.03588253949949791,
                0.040520050967044315
            ],
            [
                0.5118471884086943,
                0.0015375401097725589,
                0.8590751373940032,
                0.059808266193280585
            ],
            [
                0.0,
                0.0,
                0.0,
                1.0
            ]
        ],
        [
            [
                -0.8421275240084917,
                0.07624561886717844,
                0.5338612543637988,
                0.021681919183364463
            ],
            [
                -0.06835454487838327,
                -0.997061789981481,
                0.034575181176598545,
                0.04107109967916266
            ],
            [
                0.5349288639639825,
                -0.0073751313538463386,
                0.8448649110572153,
                0.059297866825318346
            ],
            [
                0.0,
                0.0,
                0.0,
                1.0
            ]
        ]
    ]
}