{
    "trj_id": [
        0,
        45,
        50,
        55,
        60,
        68,
        79,
        157,
        158,
        161
    ],
    "trj_est": [
        [
            [
                -0.9585129518749981,
                0.0807944605545034,
                0.2733590610014328,
                0.01051038637198394
            ],
            [
                -0.08468365944949716,
                -0.9964049051869538,
                -0.0024377739067156096,
                0.03641651331988294
            ],
            [
                0.2721793506313804,
                -0.02548568349260948,
                0.9619089775164773,
                0.05674575557210698
            ],
            [
                0.0,
                0.0,
                0.0,
                1.0
            ]
        ],
        [
            [
                -0.958206187762766,
                0.08342897296128308,
                0.2736307782524511,
                -0.037929302007283464
            ],
            [
                -0.08463938867575775,
                -0.9963794879440387,
                0.00739652978321858,
                -0.029740319980338565
            ],
            [
                0.2732577097124339,
                -0.016073640275374352,
                0.961802615790453,
                0.029136214035780237
            ],
            [
                0.0,
                0.0,
                0.0,
                1.0
            ]
        ],
        [
            [
                -0.9563115357401689,
                0.12235178604704182,
                0.2655269583478849,
                -0.16372628359347985
            ],
            [
                -0.1170402964344057,
                -0.9924769504921388,
                0.03579436169117344,
                -0.10070003084294951
            ],
            [
                0.2679111752030605,
                0.0031529218044703037,
                0.9634377206406158,
                0.09185542692752413
            ],
            [
                0.0,
                0.0,
                0.0,
                1.0
            ]
        ],
        [
            [
                -0.9547444140872586,
                0.1779960422728157,
                0.23830308486254587,
                -0.3038743050245511
            ],
            [
                -0.1603194904996423,
                -0.9827849855528278,
                0.09177476203954811,
                -0.19527020227088396
            ],
            [
                0.25053597996521465,
                0.04941612991590059,
                0.966845372413255,
                0.19547488251076997
            ],
            [
                0.0,
                0.0,
                0.0,
                1.0
            ]
        ],
        [
            [
                -0.9557468880345241,
                0.19015411332355256,
                0.2245041553017473,
                -0.4060271531904501
            ],
            [
                -0.16344406041473614,
                -0.9776415956743829,
                0.13226930747263665,
                -0.28101451206726386
            ],
            [
                0.24463441529932084,
                0.08972047254498661,
                0.9654518616609574,
                0.2639011821725343
            ],
            [
                0.0,
                0.0,
                0.0,
                1.0
            ]
        ],
        [
            [
                -0.9564584260522841,
                0.1839697025483198,
                0.22659559950907665,
                -0.3756140948278864
            ],
            [
                -0.15411492295425805,
                -0.9776109727562066,
                0.1432124589819652,
                -0.25455909809422184
            ],
            [
                0.24786649504423663,
                0.10205320277782817,
                0.9634007308590622,
                0.2563566116713841
            ],
            [
                0.0,
                0.0,
                0.0,
                1.0
            ]
        ],
        [
            [
                -0.9533090993813818,
                0.18189901164102498,
                0.24107726603169452,
                -0.34168876337251836
            ],
            [
                -0.15560716470935143,
                -0.9799834800514909,
                0.12411108055052189,
                -0.20878258845787412
            ],
            [
                0.2588305934741073,
                0.08080053746431581,
                0.962533561922637,
                0.25794763303596563
            ],
            [
                0.0,
                0.0,
                0.0,
                1.0
            ]
        ],
        [
            [
                -0.9571487664117243,
                0.1640771511615319,
                0.23864154549859545,
                -0.3430400122530067
            ],
            [
                -0.13389856814201562,
                -0.9813720934796049,
                0.1377123845954085,
                -0.25811815403983757
            ],
            [
                0.2567958637009643,
                0.09985601422160773,
                0.9612897822990075,
                0.24996238183403174
            ],
            [
                0.0,
                0.0,
                0.0,
                1.0
            ]
        ],
        [
            [
                -0.9577938159669445,
                0.166398717499002,
                0.23440472984937905,
                -0.3350256861454865
            ],
            [
                -0.13508999180736966,
                -0.9803145632375195,
                0.14393601917613838,
                -0.2664097476496445
            ],
            [
                0.2537459067266966,
                0.10619370383380168,
                0.9614200770212118,
                0.25058974355028507
            ],
            [
                0.0,
                0.0,
                0.0,
                1.0
            ]
        ],
        [
            [
                -0.9576327748792389,
                0.16963079921138105,
                0.2327414126840165,
                -0.3321316823235692
            ],
            [
                -0.13905985994520245,
                -0.980023590896232,
                0.14212633468385238,
                -0.25531816782624966
            ],
            [
                0.2522059092155236,
                0.1037381007701271,
                0.9620931546166652,
                0.25905086799060023
            ],
            [
                0.0,
                0.0,
                0.0,
                1.0
            ]
        ]
    ],
    "trj_gt": [
        [
            [
                -0.9585129518749981,
                0.0807944605545034,
                0.2733590610014328,
                0.01051038637198394
            ],
            [
                -0.08468365944949716,
                -0.9964049051869538,
                -0.0024377739067156096,
                0.03641651331988294
            ],
            [
                0.2721793506313804,
                -0.02548568349260948,
                0.9619089775164773,
                0.05674575557210698
            ],
            [
                0.0,
                0.0,
                0.0,
                1.0
            ]
        ],
        [
            [
                -0.9376191630125458,
                0.08793325188276685,
                0.33635999816413203,
                0.012362650051462422
            ],
            [
                -0.0808460745384095,
                -0.9961102474563553,
                0.035046927742219736,
                0.03781570574434568
            ],
            [
                0.3381334313305666,
                0.0056672855725045405,
                0.9410811147243667,
                0.05773461315466455
            ],
            [
                0.0,
                0.0,
                0.0,
                1.0
            ]
        ],
        [
            [
                -0.8998506425331277,
                0.09178906938198478,
                0.426431222912566,
                0.014762016152678603
            ],
            [
                -0.05805312412364919,
                -0.9941133664441297,
                0.09147922953656684,
                0.03870668056101646
            ],
            [
                0.4323177719134405,
                0.0575619787629724,
                0.8998821937835471,
                0.05797134794158252
            ],
            [
                0.0,
                0.0,
                0.0,
                1.0
            ]
        ],
        [
            [
                -0.86436442317086,
                0.09412348604383813,
                0.49397865675701175,
                0.01832143707975251
            ],
            [
                -0.07256037865259074,
                -0.995391404106706,
                0.06269724140879815,
                0.03997057856950779
            ],
            [
                0.49760339167483475,
                0.01834998652413306,
                0.8672105526273681,
                0.057906654942546196
            ],
            [
                0.0,
                0.0,
                0.0,
                1.0
            ]
        ],
        [
            [
                -0.8486610444696617,
                0.09229629508484948,
                0.5208222590416743,
                0.02006615391417631
            ],
            [
                -0.08341557480983922,
                -0.9956904449990406,
                0.0405262830365173,
                0.04035693447075095
            ],
            [
                0.5223181726484412,
                -0.009051610421476347,
                0.8527026415286699,
                0.057642655463061826
            ],
            [
                0.0,
                0.0,
                0.0,
                1.0
            ]
        ],
        [
            [
                -0.865504784728685,
                0.07363098285935726,
                0.4954593282752059,
                0.019359798227058033
            ],
            [
                -0.06420762420865923,
                -0.9972853656429993,
                0.03604553325711458,
                0.039805573550326816
            ],
            [
                0.4967684054015842,
                -0.0006146848584395542,
                0.867882926181459,
                0.05879309216772446
            ],
            [
                0.0,
                0.0,
                0.0,
                1.0
            ]
        ],
        [
            [
                -0.8706105533998237,
                0.07289287056675238,
                0.48654279742833734,
                0.01916870120464341
            ],
            [
                -0.059214136773671266,
                -0.997298953970016,
                0.04345667286460921,
                0.040179400771202266
            ],
            [
                0.4883963045673077,
                0.009023626258406312,
                0.8725752826284655,
                0.0595959846520019
            ],
            [
                0.0,
                0.0,
                0.0,
                1.0
            ]
        ],
        [
            [
                -0.8705838884709225,
                0.07292975266313809,
                0.4865849815924675,
                0.01911368526160345
            ],
            [
                -0.05923044085848368,
                -0.997296003960314,
                0.04350213052827937,
                0.04017675381074241
            ],
            [
                0.48844185734901774,
                0.009051610977240065,
                0.8725494944862201,
                0.05960207002806762
            ],
            [
                0.0,
                0.0,
                0.0,
                1.0
            ]
        ],
        [
            [
                -0.8706263922534229,
                0.07289772399326566,
                0.4865137273997424,
                0.019168739204361365
            ],
            [
                -0.05922888645658626,
                -0.9972987666776147,
                0.04344086776782458,
                0.040177738229994014
            ],
            [
                0.4883662806960593,
                0.009005099661329207,
                0.87259227824866,
                0.05961067546679121
            ],
            [
                0.0,
                0.0,
                0.0,
                1.0
            ]
        ],
        [
            [
                -0.8706500610637845,
                0.07287614143495759,
                0.48647460281003463,
                0.01917633826853922
            ],
            [
                -0.05921836897488115,
                -0.9973004605826988,
                0.043416311422001835,
                0.04017450919677628
            ],
            [
                0.4883253586960068,
                0.008992181664616792,
                0.8726153131382276,
                0.05961850689473806
            ],
            [
                0.0,
                0.0,
                0.0,
                1.0
            ]
        ]
    ]
}